Year4/Sem_2/GeographicalInformationSystems/Assignment 2/Data/test.asc
NCOLS 300
NROWS 300
XLLCORNER 2176.22
YLLCORNER 25385.9
DX 122.19493
DY 119.35
NODATA_VALUE -9999
[rows 186 to 216 of 300, columns 142 to 212 of 300]
2.3290915 2.3030769 2.2770622 2.2510476 2.2250329 2.1990183 2.1730037 2.146989 2.1209744 2.0949597 2.0689451 2.0429305 2.0169158 1.9909012 1.9648865 1.9388719 1.9128572 1.8868426 1.860828 1.8348133 1.8087987 1.7853041 1.7654005 1.7454968 1.7255932 1.7056896 1.685786 1.6658823 1.6459787 1.6260751 1.6061714 1.5862678 1.5663642 1.5464606 1.5265569 1.5066533 1.4867497 1.466846 1.4469424 1.4270388 1.4071351 1.3872315 1.3673279 1.3474243 1.3275206 1.307617 1.3127643 1.3334417 1.3541191 1.3747965 1.3954739 1.4161513 1.4368287 1.4575061 1.4781835 1.4988609 1.5195383 1.5402157 1.5608931 1.5815705 1.6022479 1.6229253 1.6436027 1.6642801 1.6849575 1.7056349 1.7263123 1.7469897 1.7676671 1.7883445 1.8090219
2.343194 2.3171794 2.2911647 2.2651501 2.2391355 2.2131208 2.1871062 2.1610915 2.1350769 2.1090623 2.0830476 2.057033 2.0310183 2.0050037 1.9789891 1.9529744 1.9269598 1.9009451 1.8749305 1.8489159 1.8229012 1.8020558 1.7821522 1.7622485 1.7423449 1.7224413 1.7025377 1.682634 1.6627304 1.6428268 1.6229231 1.6030195 1.5831159 1.5632122 1.5433086 1.523405 1.5035014 1.4835977 1.4636941 1.4437905 1.4238868 1.4039832 1.3840796 1.3641759 1.3442723 1.3243687 1.3044651 1.3160388 1.3367162 1.3573936 1.378071 1.3987484 1.4194258 1.4401032 1.4607806 1.481458 1.5021354 1.5228128 1.5434902 1.5641676 1.584845 1.6055224 1.6261998 1.6468772 1.6675546 1.688232 1.7089094 1.7295868 1.7502642 1.7709416 1.791619
2.3572966 2.3312819 2.3052673 2.2792526 2.253238 2.2272234 2.2012087 2.1751941 2.1491794 2.1231648 2.0971502 2.0711355 2.0451209 2.0191062 1.9930916 1.967077 1.9410623 1.9150477 1.889033 1.8630184 1.8387111 1.8188075 1.7989039 1.7790002 1.7590966 1.739193 1.7192894 1.6993857 1.6794821 1.6595785 1.6396748 1.6197712 1.5998676 1.5799639 1.5600603 1.5401567 1.5202531 1.5003494 1.4804458 1.4605422 1.4406385 1.4207349 1.4008313 1.3809276 1.361024 1.3411204 1.3212168 1.3013131 1.3193132 1.3399906 1.360668 1.3813454 1.4020228 1.4227002 1.4433776 1.464055 1.4847324 1.5054098 1.5260872 1.5467646 1.567442 1.5881194 1.6087968 1.6294742 1.6501516 1.670829 1.6915064 1.7121838 1.7328612 1.7535386 1.774216
2.3713991 2.3453845 2.3193698 2.2933552 2.2673405 2.2413259 2.2153113 2.1892966 2.163282 2.1372673 2.1112527 2.0852381 2.0592234 2.0332088 2.0071941 1.9811795 1.9551648 1.9291502 1.9031356 1.8771209 1.8554628 1.8355592 1.8156556 1.7957519 1.7758483 1.7559447 1.736041 1.7161374 1.6962338 1.6763302 1.6564265 1.6365229 1.6166193 1.5967156 1.576812 1.5569084 1.5370048 1.5171011 1.4971975 1.4772939 1.4573902 1.4374866 1.417583 1.3976793 1.3777757 1.3578721 1.3379685 1.3180648 1.3019103 1.3225877 1.3432651 1.3639425 1.3846199 1.4052973 1.4259747 1.4466521 1.4673295 1.4880069 1.5086843 1.5293617 1.5500391 1.5707165 1.5913939 1.6120713 1.6327487 1.6534261 1.6741035 1.6947809 1.7154583 1.7361357 1.7568131
2.3855016 2.359487 2.3334723 2.3074577 2.2814431 2.2554284 2.2294138 2.2033991 2.1773845 2.1513699 2.1253552 2.0993406 2.0733259 2.0473113 2.0212967 1.995282 1.9692674 1.9432527 1.9172381 1.8921182 1.8722145 1.8523109 1.8324073 1.8125036 1.7926 1.7726964 1.7527927 1.7328891 1.7129855 1.6930819 1.6731782 1.6532746 1.633371 1.6134673 1.5935637 1.5736601 1.5537564 1.5338528 1.5139492 1.4940456 1.4741419 1.4542383 1.4343347 1.414431 1.3945274 1.3746238 1.3547201 1.3348165 1.3149129 1.3051848 1.3258622 1.3465396 1.367217 1.3878944 1.4085718 1.4292492 1.4499266 1.470604 1.4912814 1.5119588 1.5326362 1.5533136 1.573991 1.5946684 1.6153458 1.6360232 1.6567006 1.677378 1.6980554 1.7187328 1.7394102
2.3996042 2.3735895 2.3475749 2.3215602 2.2955456 2.269531 2.2435163 2.2175017 2.191487 2.1654724 2.1394578 2.1134431 2.0874285 2.0614138 2.0353992 2.0093846 1.9833699 1.9573553 1.9313406 1.9088699 1.8889662 1.8690626 1.849159 1.8292553 1.8093517 1.7894481 1.7695444 1.7496408 1.7297372 1.7098336 1.6899299 1.6700263 1.6501227 1.630219 1.6103154 1.5904118 1.5705081 1.5506045 1.5307009 1.5107973 1.4908936 1.47099 1.4510864 1.4311827 1.4112791 1.3913755 1.3714718 1.3515682 1.3316646 1.311761 1.3084592 1.3291366 1.349814 1.3704914 1.3911688 1.4118462 1.4325236 1.453201 1.4738784 1.4945558 1.5152332 1.5359106 1.556588 1.5772654 1.5979428 1.6186202 1.6392976 1.659975 1.6806524 1.7013298 1.7220072
2.4137067 2.3876921 2.3616774 2.3356628 2.3096481 2.2836335 2.2576189 2.2316042 2.2055896 2.1795749 2.1535603 2.1275457 2.101531 2.0755164 2.0495017 2.0234871 1.9974724 1.9714578 1.9455252 1.9256215 1.9057179 1.8858143 1.8659107 1.846007 1.8261034 1.8061998 1.7862961 1.7663925 1.7464889 1.7265852 1.7066816 1.686778 1.6668744 1.6469707 1.6270671 1.6071635 1.5872598 1.5673562 1.5474526 1.527549 1.5076453 1.4877417 1.4678381 1.4479344 1.4280308 1.4081272 1.3882235 1.3683199 1.3484163 1.3285127 1.308609 1.3117337 1.3324111 1.3530885 1.3737659 1.3944433 1.4151207 1.4357981 1.4564755 1.4771529 1.4978303 1.5185077 1.5391851 1.5598625 1.5805399 1.6012173 1.6218947 1.6425721 1.6632495 1.6839269 1.7046043
2.4278092 2.4017946 2.3757799 2.3497653 2.3237507 2.297736 2.2717214 2.2457067 2.2196921 2.1936775 2.1676628 2.1416482 2.1156335 2.0896189 2.0636043 2.0375896 2.011575 1.9855603 1.9622769 1.9423732 1.9224696 1.902566 1.8826624 1.8627587 1.8428551 1.8229515 1.8030478 1.7831442 1.7632406 1.7433369 1.7234333 1.7035297 1.6836261 1.6637224 1.6438188 1.6239152 1.6040115 1.5841079 1.5642043 1.5443006 1.524397 1.5044934 1.4845898 1.4646861 1.4447825 1.4248789 1.4049752 1.3850716 1.365168 1.3452643 1.3253607 1.3054571 1.3150082 1.3356856 1.356363 1.3770404 1.3977178 1.4183952 1.4390726 1.45975 1.4804274 1.5011048 1.5217822 1.5424596 1.563137 1.5838144 1.6044918 1.6251692 1.6458466 1.666524 1.6872014
2.4419118 2.4158971 2.3898825 2.3638678 2.3378532 2.3118386 2.2858239 2.2598093 2.2337946 2.20778 2.1817654 2.1557507 2.1297361 2.1037214 2.0777068 2.0516922 2.0256775 1.9996629 1.9790286 1.9591249 1.9392213 1.9193177 1.8994141 1.8795104 1.8596068 1.8397032 1.8197995 1.7998959 1.7799923 1.7600886 1.740185 1.7202814 1.7003778 1.6804741 1.6605705 1.6406669 1.6207632 1.6008596 1.580956 1.5610523 1.5411487 1.5212451 1.5013415 1.4814378 1.4615342 1.4416306 1.4217269 1.4018233 1.3819197 1.362016 1.3421124 1.3222088 1.3023052 1.3182826 1.33896 1.3596374 1.3803148 1.4009922 1.4216696 1.442347 1.4630244 1.4837018 1.5043792 1.5250566 1.545734 1.5664114 1.5870888 1.6077662 1.6284436 1.649121 1.6697984
2.4560143 2.4299997 2.403985 2.3779704 2.3519557 2.3259411 2.2999265 2.2739118 2.2478972 2.2218825 2.1958679 2.1698533 2.1438386 2.117824 2.0918093 2.0657947 2.03978 2.0156839 1.9957803 1.9758766 1.955973 1.9360694 1.9161657 1.8962621 1.8763585 1.8564549 1.8365512 1.8166476 1.796744 1.7768403 1.7569367 1.7370331 1.7171295 1.6972258 1.6773222 1.6574186 1.6375149 1.6176113 1.5977077 1.577804 1.5579004 1.5379968 1.5180932 1.4981895 1.4782859 1.4583823 1.4384786 1.418575 1.3986714 1.3787677 1.3588641 1.3389605 1.3190569 1.3008797 1.3215571 1.3422345 1.3629119 1.3835893 1.4042667 1.4249441 1.4456215 1.4662989 1.4869763 1.5076537 1.5283311 1.5490085 1.5696859 1.5903633 1.6110407 1.6317181 1.6523955
2.4701168 2.4441022 2.4180875 2.3920729 2.3660583 2.3400436 2.314029 2.2880143 2.2619997 2.2359851 2.2099704 2.1839558 2.1579411 2.1319265 2.1059119 2.0798972 2.0538826 2.0324356 2.012532 1.9926283 1.9727247 1.9528211 1.9329174 1.9130138 1.8931102 1.8732066 1.8533029 1.8333993 1.8134957 1.793592 1.7736884 1.7537848 1.7338811 1.7139775 1.6940739 1.6741703 1.6542666 1.634363 1.6144594 1.5945557 1.5746521 1.5547485 1.5348448 1.5149412 1.4950376 1.475134 1.4552303 1.4353267 1.4154231 1.3955194 1.3756158 1.3557122 1.3358086 1.3159049 1.3041542 1.3248316 1.345509 1.3661864 1.3868638 1.4075412 1.4282186 1.448896 1.4695734 1.4902508 1.5109282 1.5316056 1.552283 1.5729604 1.5936378 1.6143152 1.6349926
2.4842194 2.4582047 2.4321901 2.4061754 2.3801608 2.3541462 2.3281315 2.3021169 2.2761022 2.2500876 2.224073 2.1980583 2.1720437 2.146029 2.1200144 2.0939998 2.0690909 2.0491873 2.0292837 2.00938 1.9894764 1.9695728 1.9496691 1.9297655 1.9098619 1.8899583 1.8700546 1.850151 1.8302474 1.8103437 1.7904401 1.7705365 1.7506328 1.7307292 1.7108256 1.690922 1.6710183 1.6511147 1.6312111 1.6113074 1.5914038 1.5715002 1.5515965 1.5316929 1.5117893 1.4918857 1.471982 1.4520784 1.4321748 1.4122711 1.3923675 1.3724639 1.3525602 1.3326566 1.312753 1.3074286 1.328106 1.3487834 1.3694608 1.3901382 1.4108156 1.431493 1.4521704 1.4728478 1.4935252 1.5142026 1.53488 1.5555574 1.5762348 1.5969122 1.6175896
2.4983219 2.4723073 2.4462926 2.420278 2.3942633 2.3682487 2.3422341 2.3162194 2.2902048 2.2641901 2.2381755 2.2121609 2.1861462 2.1601316 2.1341169 2.1081023 2.0858426 2.065939 2.0460354 2.0261317 2.0062281 1.9863245 1.9664208 1.9465172 1.9266136 1.9067099 1.8868063 1.8669027 1.8469991 1.8270954 1.8071918 1.7872882 1.7673845 1.7474809 1.7275773 1.7076737 1.68777 1.6678664 1.6479628 1.6280591 1.6081555 1.5882519 1.5683482 1.5484446 1.528541 1.5086374 1.4887337 1.4688301 1.4489265 1.4290228 1.4091192 1.3892156 1.3693119 1.3494083 1.3295047 1.3096011 1.3107031 1.3313805 1.3520579 1.3727353 1.3934127 1.4140901 1.4347675 1.4554449 1.4761223 1.4967997 1.5174771 1.5381545 1.5588319 1.5795093 1.6001867
2.5124244 2.4864098 2.4603951 2.4343805 2.4083659 2.3823512 2.3563366 2.3303219 2.3043073 2.2782927 2.252278 2.2262634 2.2002487 2.1742341 2.1482195 2.1224979 2.1025943 2.0826907 2.0627871 2.0428834 2.0229798 2.0030762 1.9831725 1.9632689 1.9433653 1.9234616 1.903558 1.8836544 1.8637508 1.8438471 1.8239435 1.8040399 1.7841362 1.7642326 1.744329 1.7244253 1.7045217 1.6846181 1.6647145 1.6448108 1.6249072 1.6050036 1.5850999 1.5651963 1.5452927 1.525389 1.5054854 1.4855818 1.4656782 1.4457745 1.4258709 1.4059673 1.3860636 1.36616 1.3462564 1.3263528 1.3064491 1.3139776 1.334655 1.3553324 1.3760098 1.3966872 1.4173646 1.438042 1.4587194 1.4793968 1.5000742 1.5207516 1.541429 1.5621064 1.5827838
2.526527 2.5005123 2.4744977 2.448483 2.4224684 2.3964538 2.3704391 2.3444245 2.3184098 2.2923952 2.2663806 2.2403659 2.2143513 2.1883366 2.162322 2.1392496 2.119346 2.0994424 2.0795388 2.0596351 2.0397315 2.0198279 1.9999242 1.9800206 1.960117 1.9402133 1.9203097 1.9004061 1.8805025 1.8605988 1.8406952 1.8207916 1.8008879 1.7809843 1.7610807 1.741177 1.7212734 1.7013698 1.6814662 1.6615625 1.6416589 1.6217553 1.6018516 1.581948 1.5620444 1.5421407 1.5222371 1.5023335 1.4824299 1.4625262 1.4426226 1.422719 1.4028153 1.3829117 1.3630081 1.3431044 1.3232008 1.3032972 1.317252 1.3379294 1.3586068 1.3792842 1.3999616 1.420639 1.4413164 1.4619938 1.4826712 1.5033486 1.524026 1.5447034 1.5653808
2.5406295 2.5146149 2.4886002 2.4625856 2.4365709 2.4105563 2.3845417 2.358527 2.3325124 2.3064977 2.2804831 2.2544685 2.2284538 2.2024392 2.1764245 2.1560013 2.1360977 2.1161941 2.0962904 2.0763868 2.0564832 2.0365796 2.0166759 1.9967723 1.9768687 1.956965 1.9370614 1.9171578 1.8972541 1.8773505 1.8574469 1.8375433 1.8176396 1.797736 1.7778324 1.7579287 1.7380251 1.7181215 1.6982179 1.6783142 1.6584106 1.638507 1.6186033 1.5986997 1.5787961 1.5588924 1.5389888 1.5190852 1.4991816 1.4792779 1.4593743 1.4394707 1.419567 1.3996634 1.3797598 1.3598561 1.3399525 1.3200489 1.3001453 1.3205265 1.3412039 1.3618813 1.3825587 1.4032361 1.4239135 1.4445909 1.4652683 1.4859457 1.5066231 1.5273005 1.5479779
2.554732 2.5287174 2.5027027 2.4766881 2.4506735 2.4246588 2.3986442 2.3726295 2.3466149 2.3206003 2.2945856 2.268571 2.2425563 2.2165417 2.1926567 2.172753 2.1528494 2.1329458 2.1130421 2.0931385 2.0732349 2.0533313 2.0334276 2.013524 1.9936204 1.9737167 1.9538131 1.9339095 1.9140058 1.8941022 1.8741986 1.854295 1.8343913 1.8144877 1.7945841 1.7746804 1.7547768 1.7348732 1.7149695 1.6950659 1.6751623 1.6552587 1.635355 1.6154514 1.5955478 1.5756441 1.5557405 1.5358369 1.5159332 1.4960296 1.476126 1.4562224 1.4363187 1.4164151 1.3965115 1.3766078 1.3567042 1.3368006 1.316897 1.3031236 1.323801 1.3444784 1.3651558 1.3858332 1.4065106 1.427188 1.4478654 1.4685428 1.4892202 1.5098976 1.530575
2.5688346 2.5428199 2.5168053 2.4907906 2.464776 2.4387614 2.4127467 2.3867321 2.3607174 2.3347028 2.3086882 2.2826735 2.2566589 2.2306442 2.2094084 2.1895047 2.1696011 2.1496975 2.1297938 2.1098902 2.0899866 2.070083 2.0501793 2.0302757 2.0103721 1.9904684 1.9705648 1.9506612 1.9307575 1.9108539 1.8909503 1.8710467 1.851143 1.8312394 1.8113358 1.7914321 1.7715285 1.7516249 1.7317212 1.7118176 1.691914 1.6720104 1.6521067 1.6322031 1.6122995 1.5923958 1.5724922 1.5525886 1.5326849 1.5127813 1.4928777 1.4729741 1.4530704 1.4331668 1.4132632 1.3933595 1.3734559 1.3535523 1.3336486 1.313745 1.306398 1.3270754 1.3477528 1.3684302 1.3891076 1.409785 1.4304624 1.4511398 1.4718172 1.4924946 1.513172
2.5829371 2.5569225 2.5309078 2.5048932 2.4788785 2.4528639 2.4268493 2.4008346 2.37482 2.3488053 2.3227907 2.2967761 2.2707614 2.2460637 2.2261601 2.2062564 2.1863528 2.1664492 2.1465455 2.1266419 2.1067383 2.0868346 2.066931 2.0470274 2.0271238 2.0072201 1.9873165 1.9674129 1.9475092 1.9276056 1.907702 1.8877983 1.8678947 1.8479911 1.8280875 1.8081838 1.7882802 1.7683766 1.7484729 1.7285693 1.7086657 1.6887621 1.6688584 1.6489548 1.6290512 1.6091475 1.5892439 1.5693403 1.5494366 1.529533 1.5096294 1.4897258 1.4698221 1.4499185 1.4300149 1.4101112 1.3902076 1.370304 1.3504003 1.3304967 1.3105931 1.3096725 1.3303499 1.3510273 1.3717047 1.3923821 1.4130595 1.4337369 1.4544143 1.4750917 1.4957691
2.5970396 2.571025 2.5450103 2.5189957 2.4929811 2.4669664 2.4409518 2.4149371 2.3889225 2.3629079 2.3368932 2.3108786 2.2848639 2.2628154 2.2429118 2.2230081 2.2031045 2.1832009 2.1632972 2.1433936 2.12349 2.1035863 2.0836827 2.0637791 2.0438755 2.0239718 2.0040682 1.9841646 1.9642609 1.9443573 1.9244537 1.90455 1.8846464 1.8647428 1.8448392 1.8249355 1.8050319 1.7851283 1.7652246 1.745321 1.7254174 1.7055137 1.6856101 1.6657065 1.6458029 1.6258992 1.6059956 1.586092 1.5661883 1.5462847 1.5263811 1.5064774 1.4865738 1.4666702 1.4467666 1.4268629 1.4069593 1.3870557 1.367152 1.3472484 1.3273448 1.3074412 1.312947 1.3336244 1.3543018 1.3749792 1.3956566 1.416334 1.4370114 1.4576888 1.4783662
2.6111422 2.5851275 2.5591129 2.5330982 2.5070836 2.481069 2.4550543 2.4290397 2.403025 2.3770104 2.3509958 2.3249811 2.2994707 2.2795671 2.2596635 2.2397598 2.2198562 2.1999526 2.1800489 2.1601453 2.1402417 2.120338 2.1004344 2.0805308 2.0606272 2.0407235 2.0208199 2.0009163 1.9810126 1.961109 1.9412054 1.9213017 1.9013981 1.8814945 1.8615909 1.8416872 1.8217836 1.80188 1.7819763 1.7620727 1.7421691 1.7222654 1.7023618 1.6824582 1.6625546 1.6426509 1.6227473 1.6028437 1.58294 1.5630364 1.5431328 1.5232291 1.5033255 1.4834219 1.4635183 1.4436146 1.423711 1.4038074 1.3839037 1.3640001 1.3440965 1.3241928 1.3042892 1.3162214 1.3368988 1.3575762 1.3782536 1.398931 1.4196084 1.4402858 1.4609632
2.6252447 2.5992301 2.5732154 2.5472008 2.5211861 2.4951715 2.4691569 2.4431422 2.4171276 2.3911129 2.3650983 2.3390837 2.3162224 2.2963188 2.2764151 2.2565115 2.2366079 2.2167043 2.1968006 2.176897 2.1569934 2.1370897 2.1171861 2.0972825 2.0773788 2.0574752 2.0375716 2.017668 1.9977643 1.9778607 1.9579571 1.9380534 1.9181498 1.8982462 1.8783426 1.8584389 1.8385353 1.8186317 1.798728 1.7788244 1.7589208 1.7390171 1.7191135 1.6992099 1.6793063 1.6594026 1.639499 1.6195954 1.5996917 1.5797881 1.5598845 1.5399808 1.5200772 1.5001736 1.48027 1.4603663 1.4404627 1.4205591 1.4006554 1.3807518 1.3608482 1.3409445 1.3210409 1.3011373 1.3194959 1.3401733 1.3608507 1.3815281 1.4022055 1.4228829 1.4435603
2.6393472 2.6133326 2.5873179 2.5613033 2.5352887 2.509274 2.4832594 2.4572447 2.4312301 2.4052155 2.3792008 2.3531862 2.3329741 2.3130705 2.2931668 2.2732632 2.2533596 2.233456 2.2135523 2.1936487 2.1737451 2.1538414 2.1339378 2.1140342 2.0941305 2.0742269 2.0543233 2.0344197 2.014516 1.9946124 1.9747088 1.9548051 1.9349015 1.9149979 1.8950942 1.8751906 1.855287 1.8353834 1.8154797 1.7955761 1.7756725 1.7557688 1.7358652 1.7159616 1.6960579 1.6761543 1.6562507 1.6363471 1.6164434 1.5965398 1.5766362 1.5567325 1.5368289 1.5169253 1.4970217 1.477118 1.4572144 1.4373108 1.4174071 1.3975035 1.3775999 1.3576962 1.3377926 1.317889 1.302093 1.3227704 1.3434478 1.3641252 1.3848026 1.40548 1.4261574
2.6534498 2.6274351 2.6014205 2.5754058 2.5493912 2.5233766 2.4973619 2.4713473 2.4453326 2.419318 2.3933034 2.3696294 2.3497258 2.3298222 2.3099185 2.2900149 2.2701113 2.2502077 2.230304 2.2104004 2.1904968 2.1705931 2.1506895 2.1307859 2.1108822 2.0909786 2.071075 2.0511714 2.0312677 2.0113641 1.9914605 1.9715568 1.9516532 1.9317496 1.9118459 1.8919423 1.8720387 1.8521351 1.8322314 1.8123278 1.7924242 1.7725205 1.7526169 1.7327133 1.7128096 1.692906 1.6730024 1.6530988 1.6331951 1.6132915 1.5933879 1.5734842 1.5535806 1.533677 1.5137733 1.4938697 1.4739661 1.4540625 1.4341588 1.4142552 1.3943516 1.3744479 1.3545443 1.3346407 1.314737 1.3053674 1.3260448 1.3467222 1.3673996 1.388077 1.4087544
2.6675523 2.6415377 2.615523 2.5895084 2.5634937 2.5374791 2.5114645 2.4854498 2.4594352 2.4334205 2.4074059 2.3863811 2.3664775 2.3465739 2.3266702 2.3067666 2.286863 2.2669593 2.2470557 2.2271521 2.2072485 2.1873448 2.1674412 2.1475376 2.1276339 2.1077303 2.0878267 2.067923 2.0480194 2.0281158 2.0082122 1.9883085 1.9684049 1.9485013 1.9285976 1.908694 1.8887904 1.8688868 1.8489831 1.8290795 1.8091759 1.7892722 1.7693686 1.749465 1.7295613 1.7096577 1.6897541 1.6698505 1.6499468 1.6300432 1.6101396 1.5902359 1.5703323 1.5504287 1.530525 1.5106214 1.4907178 1.4708142 1.4509105 1.4310069 1.4111033 1.3911996 1.371296 1.3513924 1.3314887 1.3115851 1.3086419 1.3293193 1.3499967 1.3706741 1.3913515
2.6816548 2.6556402 2.6296255 2.6036109 2.5775963 2.5515816 2.525567 2.4995523 2.4735377 2.4475231 2.4230365 2.4031328 2.3832292 2.3633256 2.3434219 2.3235183 2.3036147 2.283711 2.2638074 2.2439038 2.2240002 2.2040965 2.1841929 2.1642893 2.1443856 2.124482 2.1045784 2.0846747 2.0647711 2.0448675 2.0249639 2.0050602 1.9851566 1.965253 1.9453493 1.9254457 1.9055421 1.8856384 1.8657348 1.8458312 1.8259276 1.8060239 1.7861203 1.7662167 1.746313 1.7264094 1.7065058 1.6866021 1.6666985 1.6467949 1.6268913 1.6069876 1.587084 1.5671804 1.5472767 1.5273731 1.5074695 1.4875659 1.4676622 1.4477586 1.427855 1.4079513 1.3880477 1.3681441 1.3482404 1.3283368 1.3084332 1.3119164 1.3325938 1.3532712 1.3739486
2.6957574 2.6697427 2.6437281 2.6177134 2.5916988 2.5656842 2.5396695 2.5136549 2.4876402 2.4616256 2.4397881 2.4198845 2.3999809 2.3800773 2.3601736 2.34027 2.3203664 2.3004627 2.2805591 2.2606555 2.2407519 2.2208482 2.2009446 2.181041 2.1611373 2.1412337 2.1213301 2.1014264 2.0815228 2.0616192 2.0417156 2.0218119 2.0019083 1.9820047 1.962101 1.9421974 1.9222938 1.9023901 1.8824865 1.8625829 1.8426793 1.8227756 1.802872 1.7829684 1.7630647 1.7431611 1.7232575 1.7033538 1.6834502 1.6635466 1.643643 1.6237393 1.6038357 1.5839321 1.5640284 1.5441248 1.5242212 1.5043175 1.4844139 1.4645103 1.4446067 1.424703 1.4047994 1.3848958 1.3649921 1.3450885 1.3251849 1.3052812 1.3151908 1.3358682 1.3565456
2.7098599 2.6838453 2.6578306 2.631816 2.6058013 2.5797867 2.5537721 2.5277574 2.5017428 2.4764435 2.4565398 2.4366362 2.4167326 2.396829 2.3769253 2.3570217 2.3371181 2.3172144 2.2973108 2.2774072 2.2575035 2.2375999 2.2176963 2.1977927 2.177889 2.1579854 2.1380818 2.1181781 2.0982745 2.0783709 2.0584672 2.0385636 2.01866 1.9987564 1.9788527 1.9589491 1.9390455 1.9191418 1.8992382 1.8793346 1.859431 1.8395273 1.8196237 1.7997201 1.7798164 1.7599128 1.7400092 1.7201055 1.7002019 1.6802983 1.6603947 1.640491 1.6205874 1.6006838 1.5807801 1.5608765 1.5409729 1.5210692 1.5011656 1.481262 1.4613584 1.4414547 1.4215511 1.4016475 1.3817438 1.3618402 1.3419366 1.3220329 1.3021293 1.3184653 1.3391427
2.7239624 2.6979478 2.6719331 2.6459185 2.6199039 2.5938892 2.5678746 2.5418599 2.5158453 2.4931952 2.4732915 2.4533879 2.4334843 2.4135807 2.393677 2.3737734 2.3538698 2.3339661 2.3140625 2.2941589 2.2742552 2.2543516 2.234448 2.2145444 2.1946407 2.1747371 2.1548335 2.1349298 2.1150262 2.0951226 2.0752189 2.0553153 2.0354117 2.0155081 1.9956044 1.9757008 1.9557972 1.9358935 1.9159899 1.8960863 1.8761826 1.856279 1.8363754 1.8164718 1.7965681 1.7766645 1.7567609 1.7368572 1.7169536 1.69705 1.6771463 1.6572427 1.6373391 1.6174355 1.5975318 1.5776282 1.5577246 1.5378209 1.5179173 1.4980137 1.4781101 1.4582064 1.4383028 1.4183992 1.3984955 1.3785919 1.3586883 1.3387846 1.318881 1.3010624 1.3217398
2.738065 2.7120503 2.6860357 2.660021 2.6340064 2.6079918 2.5819771 2.5559625 2.5299478 2.5099469 2.4900432 2.4701396 2.450236 2.4303324 2.4104287 2.3905251 2.3706215 2.3507178 2.3308142 2.3109106 2.2910069 2.2711033 2.2511997 2.2312961 2.2113924 2.1914888 2.1715852 2.1516815 2.1317779 2.1118743 2.0919706 2.072067 2.0521634 2.0322598 2.0123561 1.9924525 1.9725489 1.9526452 1.9327416 1.912838 1.8929343 1.8730307 1.8531271 1.8332235 1.8133198 1.7934162 1.7735126 1.7536089 1.7337053 1.7138017 1.693898 1.6739944 1.6540908 1.6341872 1.6142835 1.5943799 1.5744763 1.5545726 1.534669 1.5147654 1.4948617 1.4749581 1.4550545 1.4351509 1.4152472 1.3953436 1.37544 1.3555363 1.3356327 1.3157291 1.3043368
2.7521675 2.7261529 2.7001382 2.6741236 2.6481089 2.6220943 2.5960797 2.570065 2.5466022 2.5266986 2.5067949 2.4868913 2.4669877 2.447084 2.4271804 2.4072768 2.3873732 2.3674695 2.3475659 2.3276623 2.3077586 2.287855 2.2679514 2.2480477 2.2281441 2.2082405 2.1883369 2.1684332 2.1485296 2.128626 2.1087223 2.0888187 2.0689151 2.0490115 2.0291078 2.0092042 1.9893006 1.9693969 1.9494933 1.9295897 1.909686 1.8897824 1.8698788 1.8499752 1.8300715 1.8101679 1.7902643 1.7703606 1.750457 1.7305534 1.7106497 1.6907461 1.6708425 1.6509389 1.6310352 1.6111316 1.591228 1.5713243 1.5514207 1.5315171 1.5116134 1.4917098 1.4718062 1.4519026 1.4319989 1.4120953 1.3921917 1.372288 1.3523844 1.3324808 1.3125771
