Year4/Sem_2/GeographicalInformationSystems/Assignment 2/Data/test.asc
NCOLS 300
NROWS 300
XLLCORNER 2176.22
YLLCORNER 25385.9
DX 122.19493
DY 119.35
NODATA_VALUE -9999
[rows 93 to 123 of 300, columns 71 to 141 of 300]
-9999 -9999 -9999 -9999 -9999 -9999 -9999 -9999 -9999 -9999 -9999 -9999 -9999 -9999 -9999 -9999 -9999 -9999 -9999 -9999 -9999 -9999 -9999 -9999 -9999 -9999 -9999 -9999 2.8479093 2.7883367 2.7287641 2.6691915 2.6096189 2.5500463 2.4904737 2.4309011 2.3713285 2.3117559 2.2521833 2.1926107 2.1330381 2.0734655 2.0138929 1.9543203 1.9027024 1.9028445 1.9029867 1.9031288 1.9032709 1.9034131 1.9035552 1.9036973 1.9100024 1.9238085 1.9376146 1.9514207 1.9652268 1.9790329 1.992839 2.0066451 2.0204512 2.0342573 2.0480634 2.0618694 2.0756755 2.0894816 2.1032877 2.1170938 2.130545 2.1439868 2.1574287
-9999 -9999 -9999 -9999 -9999 -9999 -9999 -9999 -9999 -9999 -9999 -9999 -9999 -9999 -9999 -9999 -9999 -9999 -9999 -9999 -9999 -9999 -9999 -9999 -9999 -9999 -9999 -9999 2.8677801 2.8082074 2.7486348 2.6890622 2.6294896 2.569917 2.5103444 2.4507718 2.3911992 2.3316266 2.272054 2.2124814 2.1529088 2.0933362 2.0337636 1.974191 1.9146184 1.885864 1.8860061 1.8861482 1.8862904 1.8864325 1.8865746 1.8867168 1.8933383 1.9071444 1.9209505 1.9347565 1.9485626 1.9623687 1.9761748 1.9899809 2.003787 2.0175931 2.0313992 2.0452053 2.0590114 2.0728175 2.0865189 2.0999607 2.1134026 2.1268444 2.1402863
-9999 -9999 -9999 -9999 -9999 -9999 -9999 -9999 -9999 -9999 -9999 -9999 -9999 -9999 -9999 -9999 -9999 -9999 -9999 -9999 -9999 -9999 -9999 -9999 -9999 -9999 -9999 -9999 2.8876508 2.8280782 2.7685056 2.708933 2.6493604 2.5897878 2.5302152 2.4706426 2.41107 2.3514974 2.2919248 2.2323522 2.1727796 2.1132069 2.0536343 1.9940617 1.9344891 1.8749165 1.8690255 1.8691677 1.8693098 1.869452 1.8695941 1.8697362 1.8766741 1.8904802 1.9042863 1.9180924 1.9318985 1.9457046 1.9595107 1.9733168 1.9871229 2.0009289 2.014735 2.0285411 2.0423472 2.0559346 2.0693764 2.0828183 2.0962601 2.109702 2.1231438
-9999 -9999 -9999 -9999 -9999 -9999 -9999 -9999 -9999 -9999 -9999 -9999 -9999 -9999 -9999 -9999 -9999 -9999 -9999 -9999 -9999 -9999 -9999 -9999 -9999 -9999 -9999 -9999 -9999 2.8479489 2.7883763 2.7288037 2.6692311 2.6096585 2.5500859 2.4905133 2.4309407 2.3713681 2.3117955 2.2522229 2.1926503 2.1330777 2.0735051 2.0139325 1.9543599 1.8947873 1.852045 1.8521871 1.8523293 1.8524714 1.8526135 1.8527557 1.86001 1.873816 1.8876221 1.9014282 1.9152343 1.9290404 1.9428465 1.9566526 1.9704587 1.9842648 1.9980709 2.011877 2.0253503 2.0387921 2.052234 2.0656758 2.0791177 2.0925595 2.1060014
-9999 -9999 -9999 -9999 -9999 -9999 -9999 -9999 -9999 -9999 -9999 -9999 -9999 -9999 -9999 -9999 -9999 -9999 -9999 -9999 -9999 -9999 -9999 -9999 -9999 -9999 -9999 -9999 -9999 2.8678197 2.8082471 2.7486745 2.6891019 2.6295293 2.5699567 2.5103841 2.4508115 2.3912389 2.3316662 2.2720936 2.212521 2.1529484 2.0933758 2.0338032 1.9742306 1.914658 1.8550854 1.8352066 1.8353487 1.8354908 1.835633 1.8357751 1.8433458 1.8571519 1.870958 1.8847641 1.8985702 1.9123763 1.9261824 1.9399884 1.9537945 1.9676006 1.9813242 1.994766 2.0082079 2.0216497 2.0350915 2.0485334 2.0619752 2.0754171 2.0888589
-9999 -9999 -9999 -9999 -9999 -9999 -9999 -9999 -9999 -9999 -9999 -9999 -9999 -9999 -9999 -9999 -9999 -9999 -9999 -9999 -9999 -9999 -9999 -9999 -9999 -9999 -9999 -9999 -9999 2.8876904 2.8281178 2.7685452 2.7089726 2.6494 2.5898274 2.5302548 2.4706822 2.4111096 2.351537 2.2919644 2.2323918 2.1728192 2.1132466 2.053674 1.9941014 1.9345288 1.8749562 1.818226 1.8183681 1.8185103 1.8186524 1.8187946 1.8266816 1.8404877 1.8542938 1.8680999 1.881906 1.8957121 1.9095182 1.9233243 1.9371304 1.9507399 1.9641817 1.9776236 1.9910654 2.0045073 2.0179491 2.031391 2.0448328 2.0582747 2.0717165
-9999 -9999 -9999 -9999 -9999 -9999 -9999 -9999 -9999 -9999 -9999 -9999 -9999 -9999 -9999 -9999 -9999 -9999 -9999 -9999 -9999 -9999 -9999 -9999 -9999 -9999 -9999 -9999 -9999 -9999 2.8479886 2.788416 2.7288434 2.6692708 2.6096982 2.5501255 2.4905529 2.4309803 2.3714077 2.3118351 2.2522625 2.1926899 2.1331173 2.0735447 2.0139721 1.9543995 1.8948269 1.8352543 1.8013876 1.8015297 1.8016719 1.801814 1.8100175 1.8238236 1.8376297 1.8514358 1.8652419 1.8790479 1.892854 1.9066601 1.9201556 1.9335974 1.9470393 1.9604811 1.973923 1.9873648 2.0008067 2.0142485 2.0276904 2.0411322 2.0545741
-9999 -9999 -9999 -9999 -9999 -9999 -9999 -9999 -9999 -9999 -9999 -9999 -9999 -9999 -9999 -9999 -9999 -9999 -9999 -9999 -9999 -9999 -9999 -9999 -9999 -9999 -9999 -9999 -9999 -9999 2.8678593 2.8082867 2.7487141 2.6891415 2.6295689 2.5699963 2.5104237 2.4508511 2.3912785 2.3317059 2.2721333 2.2125607 2.1529881 2.0934155 2.0338429 1.9742703 1.9146977 1.855125 1.7955524 1.7845492 1.7846913 1.7848334 1.7933533 1.8071594 1.8209655 1.8347716 1.8485777 1.8623838 1.8761295 1.8895713 1.9030132 1.916455 1.9298968 1.9433387 1.9567805 1.9702224 1.9836642 1.9971061 2.0105479 2.0239898 2.0374316
-9999 -9999 -9999 -9999 -9999 -9999 -9999 -9999 -9999 -9999 -9999 -9999 -9999 -9999 -9999 -9999 -9999 -9999 -9999 -9999 -9999 -9999 -9999 -9999 -9999 -9999 -9999 -9999 -9999 -9999 2.8877301 2.8281575 2.7685849 2.7090122 2.6494396 2.589867 2.5302944 2.4707218 2.4111492 2.3515766 2.292004 2.2324314 2.1728588 2.1132862 2.0537136 1.994141 1.9345684 1.8749958 1.8154232 1.7675686 1.7677108 1.7678529 1.7766892 1.7904953 1.8043014 1.8181074 1.8319135 1.8455452 1.858987 1.8724289 1.8858707 1.8993126 1.9127544 1.9261963 1.9396381 1.95308 1.9665218 1.9799637 1.9934055 2.0068473 2.0202892
-9999 -9999 -9999 -9999 -9999 -9999 -9999 -9999 -9999 -9999 -9999 -9999 -9999 -9999 -9999 -9999 -9999 -9999 -9999 -9999 -9999 -9999 -9999 -9999 -9999 -9999 -9999 -9999 -9999 -9999 -9999 2.8480282 2.7884556 2.728883 2.6693104 2.6097378 2.5501652 2.4905926 2.43102 2.3714474 2.3118748 2.2523022 2.1927296 2.133157 2.0735843 2.0140117 1.9544391 1.8948665 1.8352939 1.7757213 1.7507302 1.7508723 1.760025 1.7738311 1.7876372 1.8014433 1.8149609 1.8284027 1.8418446 1.8552864 1.8687283 1.8821701 1.895612 1.9090538 1.9224957 1.9359375 1.9493794 1.9628212 1.9762631 1.9897049 2.0031468
-9999 -9999 -9999 -9999 -9999 -9999 -9999 -9999 -9999 -9999 -9999 -9999 -9999 -9999 -9999 -9999 -9999 -9999 -9999 -9999 -9999 -9999 -9999 -9999 -9999 -9999 -9999 -9999 -9999 -9999 -9999 2.8678989 2.8083263 2.7487537 2.6891811 2.6296085 2.5700359 2.5104633 2.4508907 2.3913181 2.3317455 2.2721729 2.2126003 2.1530277 2.0934551 2.0338825 1.9743099 1.9147373 1.8551647 1.7955921 1.7360195 1.7338918 1.7433609 1.7571669 1.7709348 1.7843766 1.7978185 1.8112603 1.8247021 1.838144 1.8515858 1.8650277 1.8784695 1.8919114 1.9053532 1.9187951 1.9322369 1.9456788 1.9591206 1.9725625 1.9860043
-9999 -9999 -9999 -9999 -9999 -9999 -9999 -9999 -9999 -9999 -9999 -9999 -9999 -9999 -9999 -9999 -9999 -9999 -9999 -9999 -9999 -9999 -9999 -9999 -9999 -9999 -9999 -9999 -9999 -9999 -9999 2.8877697 2.8281971 2.7686245 2.7090519 2.6494793 2.5899067 2.5303341 2.4707615 2.4111889 2.3516163 2.2920437 2.232471 2.1728984 2.1133258 2.0537532 1.9941806 1.934608 1.8750354 1.8154628 1.7558902 1.7169112 1.7266967 1.7403505 1.7537923 1.7672342 1.780676 1.7941179 1.8075597 1.8210016 1.8344434 1.8478853 1.8613271 1.874769 1.8882108 1.9016526 1.9150945 1.9285363 1.9419782 1.95542 1.9688619
-9999 -9999 -9999 -9999 -9999 -9999 -9999 -9999 -9999 -9999 -9999 -9999 -9999 -9999 -9999 -9999 -9999 -9999 -9999 -9999 -9999 -9999 -9999 -9999 -9999 -9999 -9999 -9999 -9999 -9999 -9999 -9999 2.8480678 2.7884952 2.7289226 2.66935 2.6097774 2.5502048 2.4906322 2.4310596 2.371487 2.3119144 2.2523418 2.1927692 2.1331966 2.073624 2.0140514 1.9544788 1.8949062 1.8353336 1.775761 1.7161884 1.7097662 1.723208 1.7366499 1.7500917 1.7635336 1.7769754 1.7904173 1.8038591 1.817301 1.8307428 1.8441847 1.8576265 1.8710684 1.8845102 1.8979521 1.9113939 1.9248358 1.9382776 1.9517195
-9999 -9999 -9999 -9999 -9999 -9999 -9999 -9999 -9999 -9999 -9999 -9999 -9999 -9999 -9999 -9999 -9999 -9999 -9999 -9999 -9999 -9999 -9999 -9999 -9999 -9999 -9999 -9999 -9999 -9999 -9999 -9999 2.8679386 2.808366 2.7487934 2.6892208 2.6296482 2.5700756 2.510503 2.4509303 2.3913577 2.3317851 2.2722125 2.2126399 2.1530673 2.0934947 2.0339221 1.9743495 1.9147769 1.8552043 1.7956317 1.7360591 1.695167 1.7060656 1.7195074 1.7329493 1.7463911 1.759833 1.7732748 1.7867167 1.8001585 1.8136004 1.8270422 1.8404841 1.8539259 1.8673678 1.8808096 1.8942515 1.9076933 1.9211352 1.934577
-9999 -9999 -9999 -9999 -9999 -9999 -9999 -9999 -9999 -9999 -9999 -9999 -9999 -9999 -9999 -9999 -9999 -9999 -9999 -9999 -9999 -9999 -9999 -9999 -9999 -9999 -9999 -9999 -9999 -9999 -9999 -9999 2.8878093 2.8282367 2.7686641 2.7090915 2.6495189 2.5899463 2.5303737 2.4708011 2.4112285 2.3516559 2.2920833 2.2325107 2.1729381 2.1133655 2.0537929 1.9942203 1.9346477 1.8750751 1.8155024 1.7559298 1.7092695 1.6889232 1.702365 1.7158069 1.7292487 1.7426906 1.7561324 1.7695742 1.7830161 1.7964579 1.8098998 1.8233416 1.8367835 1.8502253 1.8636672 1.877109 1.8905509 1.9039927 1.9174346
-9999 -9999 -9999 -9999 -9999 -9999 -9999 -9999 -9999 -9999 -9999 -9999 -9999 -9999 -9999 -9999 -9999 -9999 -9999 -9999 -9999 -9999 -9999 -9999 -9999 -9999 -9999 -9999 -9999 -9999 -9999 -9999 -9999 2.8481075 2.7885349 2.7289623 2.6693896 2.609817 2.5502444 2.4906718 2.4310992 2.3715266 2.311954 2.2523814 2.1928088 2.1332362 2.0736636 2.014091 1.9545184 1.8949458 1.8353732 1.7758006 1.7233721 1.6973574 1.6852226 1.6986644 1.7121063 1.7255481 1.73899 1.7524318 1.7658737 1.7793155 1.7927574 1.8061992 1.8196411 1.8330829 1.8465247 1.8599666 1.8734084 1.8868503 1.9002921
-9999 -9999 -9999 -9999 -9999 -9999 -9999 -9999 -9999 -9999 -9999 -9999 -9999 -9999 -9999 -9999 -9999 -9999 -9999 -9999 -9999 -9999 -9999 -9999 -9999 -9999 -9999 -9999 -9999 -9999 -9999 -9999 -9999 2.8679782 2.8084056 2.748833 2.6892604 2.6296878 2.5701152 2.5105426 2.45097 2.3913974 2.3318248 2.2722522 2.2126796 2.153107 2.0935344 2.0339618 1.9743891 1.9148165 1.8552439 1.7956713 1.7374746 1.71146 1.6854453 1.681522 1.6949638 1.7084057 1.7218475 1.7352894 1.7487312 1.7621731 1.7756149 1.7890568 1.8024986 1.8159405 1.8293823 1.8428242 1.856266 1.8697079 1.8831497
-9999 -9999 -9999 -9999 -9999 -9999 -9999 -9999 -9999 -9999 -9999 -9999 -9999 -9999 -9999 -9999 -9999 -9999 -9999 -9999 -9999 -9999 -9999 -9999 -9999 -9999 -9999 -9999 -9999 -9999 -9999 -9999 -9999 2.8878489 2.8282763 2.7687037 2.7091311 2.6495585 2.5899859 2.5304133 2.4708407 2.4112681 2.3516955 2.2921229 2.2325503 2.1729777 2.1134051 2.0538325 1.9942599 1.9346873 1.8751147 1.8155421 1.7559695 1.7255625 1.6995478 1.6735332 1.6778214 1.6912632 1.7047051 1.7181469 1.7315888 1.7450306 1.7584725 1.7719143 1.7853562 1.798798 1.8122399 1.8256817 1.8391236 1.8525654 1.8660073
-9999 -9999 -9999 -9999 -9999 -9999 -9999 -9999 -9999 -9999 -9999 -9999 -9999 -9999 -9999 -9999 -9999 -9999 -9999 -9999 -9999 -9999 -9999 -9999 -9999 -9999 -9999 -9999 -9999 -9999 -9999 -9999 -9999 -9999 2.8481471 2.7885745 2.7290019 2.6694293 2.6098567 2.5502841 2.4907115 2.4311389 2.3715663 2.3119937 2.2524211 2.1928484 2.1332758 2.0737032 2.0141306 1.954558 1.8949854 1.8354128 1.7758402 1.739665 1.7136504 1.6876357 1.6616211 1.6741208 1.6875627 1.7010045 1.7144464 1.7278882 1.74133 1.7547719 1.7682137 1.7816556 1.7950974 1.8085393 1.8219811 1.835423 1.8488648
-9999 -9999 -9999 -9999 -9999 -9999 -9999 -9999 -9999 -9999 -9999 -9999 -9999 -9999 -9999 -9999 -9999 -9999 -9999 -9999 -9999 -9999 -9999 -9999 -9999 -9999 -9999 -9999 -9999 -9999 -9999 -9999 -9999 -9999 2.8680178 2.8084452 2.7488726 2.6893 2.6297274 2.5701548 2.5105822 2.4510096 2.391437 2.3318644 2.2722918 2.2127192 2.1531466 2.093574 2.0340014 1.9744288 1.9148562 1.8552836 1.795711 1.7537676 1.7277529 1.7017383 1.6757236 1.6569784 1.6704202 1.6838621 1.6973039 1.7107458 1.7241876 1.7376295 1.7510713 1.7645132 1.777955 1.7913969 1.8048387 1.8182805 1.8317224
-9999 -9999 -9999 -9999 -9999 -9999 -9999 -9999 -9999 -9999 -9999 -9999 -9999 -9999 -9999 -9999 -9999 -9999 -9999 -9999 -9999 -9999 -9999 -9999 -9999 -9999 -9999 -9999 -9999 -9999 -9999 -9999 -9999 -9999 2.8878886 2.828316 2.7687434 2.7091708 2.6495982 2.5900256 2.530453 2.4708804 2.4113077 2.3517351 2.2921625 2.2325899 2.1730173 2.1134447 2.0538721 1.9942995 1.9347269 1.8751543 1.8155817 1.7678701 1.7418554 1.7158408 1.6898262 1.6638115 1.6532778 1.6667196 1.6801615 1.6936033 1.7070452 1.720487 1.7339289 1.7473707 1.7608126 1.7742544 1.7876963 1.8011381 1.81458
-9999 -9999 -9999 -9999 -9999 -9999 -9999 -9999 -9999 -9999 -9999 -9999 -9999 -9999 -9999 -9999 -9999 -9999 -9999 -9999 -9999 -9999 -9999 -9999 -9999 -9999 -9999 -9999 -9999 -9999 -9999 -9999 -9999 -9999 -9999 2.8481867 2.7886141 2.7290415 2.6694689 2.6098963 2.5503237 2.4907511 2.4311785 2.3716059 2.3120333 2.2524607 2.1928881 2.1333155 2.0737429 2.0141703 1.9545977 1.8950251 1.8354525 1.7819726 1.755958 1.7299433 1.7039287 1.6779141 1.6518994 1.6495772 1.663019 1.6764609 1.6899027 1.7033446 1.7167864 1.7302283 1.7436701 1.757112 1.7705538 1.7839957 1.7974375
-9999 -9999 -9999 -9999 -9999 -9999 -9999 -9999 -9999 -9999 -9999 -9999 -9999 -9999 -9999 -9999 -9999 -9999 -9999 -9999 -9999 -9999 -9999 -9999 -9999 -9999 -9999 -9999 -9999 -9999 -9999 -9999 -9999 -9999 -9999 2.8680575 2.8084849 2.7489123 2.6893397 2.629767 2.5701944 2.5106218 2.4510492 2.3914766 2.331904 2.2723314 2.2127588 2.1531862 2.0936136 2.034041 1.9744684 1.9148958 1.8553232 1.7960752 1.7700605 1.7440459 1.7180312 1.6920166 1.6660019 1.6399873 1.6458766 1.6593185 1.6727603 1.6862022 1.699644 1.7130858 1.7265277 1.7399695 1.7534114 1.7668532 1.7802951
-9999 -9999 -9999 -9999 -9999 -9999 -9999 -9999 -9999 -9999 -9999 -9999 -9999 -9999 -9999 -9999 -9999 -9999 -9999 -9999 -9999 -9999 -9999 -9999 -9999 -9999 -9999 -9999 -9999 -9999 -9999 -9999 -9999 -9999 -9999 2.8879282 2.8283556 2.768783 2.7092104 2.6496378 2.5900652 2.5304926 2.47092 2.4113474 2.3517748 2.2922022 2.2326296 2.173057 2.1134844 2.0539118 1.9943392 1.9347665 1.8751939 1.8156213 1.784163 1.7581484 1.7321338 1.7061191 1.6801045 1.6540898 1.6287342 1.642176 1.6556179 1.6690597 1.6825016 1.6959434 1.7093853 1.7228271 1.736269 1.7497108 1.7631527
-9999 -9999 -9999 -9999 -9999 -9999 -9999 -9999 -9999 -9999 -9999 -9999 -9999 -9999 -9999 -9999 -9999 -9999 -9999 -9999 -9999 -9999 -9999 -9999 -9999 -9999 -9999 -9999 -9999 -9999 -9999 -9999 -9999 -9999 -9999 -9999 2.8482264 2.7886537 2.7290811 2.6695085 2.6099359 2.5503633 2.4907907 2.4312181 2.3716455 2.3120729 2.2525003 2.1929277 2.1333551 2.0737825 2.0142099 1.9546373 1.8950647 1.8354921 1.7982656 1.7722509 1.7462363 1.7202217 1.694207 1.6681924 1.6421777 1.6250336 1.6384754 1.6519173 1.6653591 1.678801 1.6922428 1.7056847 1.7191265 1.7325684 1.7460102
-9999 -9999 -9999 -9999 -9999 -9999 -9999 -9999 -9999 -9999 -9999 -9999 -9999 -9999 -9999 -9999 -9999 -9999 -9999 -9999 -9999 -9999 -9999 -9999 -9999 -9999 -9999 -9999 -9999 -9999 -9999 -9999 -9999 -9999 -9999 -9999 2.8680971 2.8085245 2.7489519 2.6893793 2.6298067 2.5702341 2.5106615 2.4510889 2.3915163 2.3319437 2.2723711 2.2127985 2.1532258 2.0936532 2.0340806 1.974508 1.9149354 1.8553628 1.8123681 1.7863535 1.7603388 1.7343242 1.7083095 1.6822949 1.6562803 1.6302656 1.621333 1.6347748 1.6482167 1.6616585 1.6751004 1.6885422 1.7019841 1.7154259 1.7288678
-9999 -9999 -9999 -9999 -9999 -9999 -9999 -9999 -9999 -9999 -9999 -9999 -9999 -9999 -9999 -9999 -9999 -9999 -9999 -9999 -9999 -9999 -9999 -9999 -9999 -9999 -9999 -9999 -9999 -9999 -9999 -9999 -9999 -9999 -9999 -9999 2.8879678 2.8283952 2.7688226 2.70925 2.6496774 2.5901048 2.5305322 2.4709596 2.411387 2.3518144 2.2922418 2.2326692 2.1730966 2.113524 2.0539514 1.9943788 1.9348062 1.8752336 1.8264706 1.800456 1.7744414 1.7484267 1.7224121 1.6963974 1.6703828 1.6443682 1.6183535 1.6176324 1.6310743 1.6445161 1.657958 1.6713998 1.6848416 1.6982835 1.7117253
-9999 -9999 -9999 -9999 -9999 -9999 -9999 -9999 -9999 -9999 -9999 -9999 -9999 -9999 -9999 -9999 -9999 -9999 -9999 -9999 -9999 -9999 -9999 -9999 -9999 -9999 -9999 -9999 -9999 -9999 -9999 -9999 -9999 -9999 -9999 -9999 -9999 2.848266 2.7886934 2.7291208 2.6695482 2.6099756 2.550403 2.4908304 2.4312578 2.3716852 2.3121125 2.2525399 2.1929673 2.1333947 2.0738221 2.0142495 1.9546769 1.8951043 1.8405732 1.8145585 1.7885439 1.7625293 1.7365146 1.7105 1.6844853 1.6584707 1.6324561 1.6064414 1.6139318 1.6273737 1.6408155 1.6542574 1.6676992 1.6811411 1.6945829
-9999 -9999 -9999 -9999 -9999 -9999 -9999 -9999 -9999 -9999 -9999 -9999 -9999 -9999 -9999 -9999 -9999 -9999 -9999 -9999 -9999 -9999 -9999 -9999 -9999 -9999 -9999 -9999 -9999 -9999 -9999 -9999 -9999 -9999 -9999 -9999 -9999 2.8681367 2.8085641 2.7489915 2.6894189 2.6298463 2.5702737 2.5107011 2.4511285 2.3915559 2.3319833 2.2724107 2.2128381 2.1532655 2.0936929 2.0341203 1.9745477 1.9149751 1.8554025 1.8286611 1.8026464 1.7766318 1.7506171 1.7246025 1.6985879 1.6725732 1.6465586 1.6205439 1.5967894 1.6102312 1.6236731 1.6371149 1.6505568 1.6639986 1.6774405
-9999 -9999 -9999 -9999 -9999 -9999 -9999 -9999 -9999 -9999 -9999 -9999 -9999 -9999 -9999 -9999 -9999 -9999 -9999 -9999 -9999 -9999 -9999 -9999 -9999 -9999 -9999 -9999 -9999 -9999 -9999 -9999 -9999 -9999 -9999 -9999 -9999 2.8880075 2.8284349 2.7688623 2.7092897 2.6497171 2.5901445 2.5305718 2.4709992 2.4114266 2.351854 2.2922814 2.2327088 2.1731362 2.1135636 2.053991 1.9944184 1.9348458 1.8752732 1.8427636 1.816749 1.7907343 1.7647197 1.738705 1.7126904 1.6866758 1.6606611 1.6346465 1.6086318 1.5930888 1.6065306 1.6199725 1.6334143 1.6468562 1.660298
-9999 -9999 -9999 -9999 -9999 -9999 -9999 -9999 -9999 -9999 -9999 -9999 -9999 -9999 -9999 -9999 -9999 -9999 -9999 -9999 -9999 -9999 -9999 -9999 -9999 -9999 -9999 -9999 -9999 -9999 -9999 -9999 -9999 -9999 -9999 -9999 -9999 -9999 2.8483056 2.788733 2.7291604 2.6695878 2.6100152 2.5504426 2.49087 2.4312974 2.3717248 2.3121522 2.2525796 2.193007 2.1334344 2.0738618 2.0142892 1.9547166 1.8951439 1.8568661 1.8308515 1.8048369 1.7788222 1.7528076 1.7267929 1.7007783 1.6747637 1.648749 1.6227344 1.5967197 1.5893882 1.6028301 1.6162719 1.6297137 1.6431556
