Year4/Sem_2/GeographicalInformationSystems/Assignment 2/Data/test.asc
NCOLS 300
NROWS 300
XLLCORNER 2176.22
YLLCORNER 25385.9
DX 122.19493
DY 119.35
NODATA_VALUE -9999
[rows 62 to 92 of 300, columns 71 to 141 of 300]
-9999 -9999 -9999 -9999 -9999 -9999 -9999 -9999 -9999 -9999 -9999 -9999 -9999 -9999 -9999 -9999 -9999 2.8872149 2.8276423 2.7680697 2.7084971 2.6489244 2.5893518 2.5297792 2.4702066 2.426399 2.4265411 2.4266833 2.4268254 2.4269675 2.4271097 2.4272518 2.4273939 2.4275361 2.4276782 2.4278204 2.4279625 2.4281046 2.4282468 2.4283889 2.428531 2.4286732 2.4288153 2.4289574 2.4290996 2.4292417 2.4293839 2.429526 2.4296681 2.4298103 2.4299524 2.4300945 2.4302367 2.4403974 2.4542035 2.4680096 2.4818157 2.4956218 2.5094279 2.523234 2.5370401 2.5508462 2.5646522 2.5784583 2.5922644 2.6060705 2.6198766 2.6336827 2.6474888 2.6612949 2.675101
-9999 -9999 -9999 -9999 -9999 -9999 -9999 -9999 -9999 -9999 -9999 -9999 -9999 -9999 -9999 -9999 -9999 -9999 2.847513 2.7879404 2.7283678 2.6687952 2.6092226 2.54965 2.4900774 2.4305048 2.4095606 2.4097027 2.4098448 2.409987 2.4101291 2.4102713 2.4104134 2.4105555 2.4106977 2.4108398 2.4109819 2.4111241 2.4112662 2.4114083 2.4115505 2.4116926 2.4118348 2.4119769 2.412119 2.4122612 2.4124033 2.4125454 2.4126876 2.4128297 2.4129719 2.413114 2.4132561 2.4237333 2.4375394 2.4513454 2.4651515 2.4789576 2.4927637 2.5065698 2.5203759 2.534182 2.5479881 2.5617942 2.5756003 2.5894064 2.6032125 2.6170185 2.6308246 2.6446307 2.6584368
-9999 -9999 -9999 -9999 -9999 -9999 -9999 -9999 -9999 -9999 -9999 -9999 -9999 -9999 -9999 -9999 -9999 -9999 2.8673838 2.8078111 2.7482385 2.6886659 2.6290933 2.5695207 2.5099481 2.4503755 2.39258 2.3927222 2.3928643 2.3930064 2.3931486 2.3932907 2.3934328 2.393575 2.3937171 2.3938592 2.3940014 2.3941435 2.3942857 2.3944278 2.3945699 2.3947121 2.3948542 2.3949963 2.3951385 2.3952806 2.3954227 2.3955649 2.395707 2.3958492 2.3959913 2.3961334 2.3962756 2.4070691 2.4208752 2.4346813 2.4484874 2.4622935 2.4760996 2.4899057 2.5037117 2.5175178 2.5313239 2.54513 2.5589361 2.5727422 2.5865483 2.6003544 2.6141605 2.6279666 2.6417727
-9999 -9999 -9999 -9999 -9999 -9999 -9999 -9999 -9999 -9999 -9999 -9999 -9999 -9999 -9999 -9999 -9999 -9999 2.8872545 2.8276819 2.7681093 2.7085367 2.6489641 2.5893915 2.5298189 2.4702463 2.4106737 2.3757416 2.3758837 2.3760259 2.376168 2.3763101 2.3764523 2.3765944 2.3767366 2.3768787 2.3770208 2.377163 2.3773051 2.3774472 2.3775894 2.3777315 2.3778736 2.3780158 2.3781579 2.3783001 2.3784422 2.3785843 2.3787265 2.3788686 2.3790107 2.3791529 2.379295 2.3904049 2.404211 2.4180171 2.4318232 2.4456293 2.4594354 2.4732415 2.4870476 2.5008537 2.5146598 2.5284659 2.542272 2.556078 2.5698841 2.5836902 2.5974963 2.6113024 2.6251085
-9999 -9999 -9999 -9999 -9999 -9999 -9999 -9999 -9999 -9999 -9999 -9999 -9999 -9999 -9999 -9999 -9999 -9999 -9999 2.8475526 2.78798 2.7284074 2.6688348 2.6092622 2.5496896 2.490117 2.4305444 2.3709718 2.3589032 2.3590453 2.3591875 2.3593296 2.3594717 2.3596139 2.359756 2.3598981 2.3600403 2.3601824 2.3603245 2.3604667 2.3606088 2.360751 2.3608931 2.3610352 2.3611774 2.3613195 2.3614616 2.3616038 2.3617459 2.361888 2.3620302 2.3621723 2.3623145 2.3737408 2.3875469 2.401353 2.4151591 2.4289652 2.4427712 2.4565773 2.4703834 2.4841895 2.4979956 2.5118017 2.5256078 2.5394139 2.55322 2.5670261 2.5808322 2.5946383 2.6084443
-9999 -9999 -9999 -9999 -9999 -9999 -9999 -9999 -9999 -9999 -9999 -9999 -9999 -9999 -9999 -9999 -9999 -9999 -9999 2.8674234 2.8078508 2.7482782 2.6887056 2.629133 2.5695604 2.5099878 2.4504152 2.3908425 2.3419226 2.3420648 2.3422069 2.342349 2.3424912 2.3426333 2.3427754 2.3429176 2.3430597 2.3432019 2.343344 2.3434861 2.3436283 2.3437704 2.3439125 2.3440547 2.3441968 2.3443389 2.3444811 2.3446232 2.3447654 2.3449075 2.3450496 2.3451918 2.3453339 2.3570766 2.3708827 2.3846888 2.3984949 2.412301 2.4261071 2.4399132 2.4537193 2.4675254 2.4813315 2.4951375 2.5089436 2.5227497 2.5365558 2.5503619 2.564168 2.5779741 2.5917802
-9999 -9999 -9999 -9999 -9999 -9999 -9999 -9999 -9999 -9999 -9999 -9999 -9999 -9999 -9999 -9999 -9999 -9999 -9999 2.8872941 2.8277215 2.7681489 2.7085763 2.6490037 2.5894311 2.5298585 2.4702859 2.4107133 2.3511407 2.3250842 2.3252263 2.3253685 2.3255106 2.3256528 2.3257949 2.325937 2.3260792 2.3262213 2.3263634 2.3265056 2.3266477 2.3267898 2.326932 2.3270741 2.3272163 2.3273584 2.3275005 2.3276427 2.3277848 2.3279269 2.3280691 2.3282112 2.3283533 2.3404125 2.3542186 2.3680247 2.3818307 2.3956368 2.4094429 2.423249 2.4370551 2.4508612 2.4646673 2.4784734 2.4922795 2.5060856 2.5198917 2.5336978 2.5475038 2.5613099 2.575116
-9999 -9999 -9999 -9999 -9999 -9999 -9999 -9999 -9999 -9999 -9999 -9999 -9999 -9999 -9999 -9999 -9999 -9999 -9999 -9999 2.8475923 2.7880197 2.7284471 2.6688745 2.6093019 2.5497292 2.4901566 2.430584 2.3710114 2.3114388 2.3082458 2.3083879 2.3085301 2.3086722 2.3088143 2.3089565 2.3090986 2.3092407 2.3093829 2.309525 2.3096672 2.3098093 2.3099514 2.3100936 2.3102357 2.3103778 2.31052 2.3106621 2.3108042 2.3109464 2.3110885 2.3112307 2.3113728 2.3237483 2.3375544 2.3513605 2.3651666 2.3789727 2.3927788 2.4065849 2.420391 2.434197 2.4480031 2.4618092 2.4756153 2.4894214 2.5032275 2.5170336 2.5308397 2.5446458 2.5584519
-9999 -9999 -9999 -9999 -9999 -9999 -9999 -9999 -9999 -9999 -9999 -9999 -9999 -9999 -9999 -9999 -9999 -9999 -9999 -9999 2.867463 2.8078904 2.7483178 2.6887452 2.6291726 2.5696 2.5100274 2.4504548 2.3908822 2.3313096 2.2912652 2.2914074 2.2915495 2.2916916 2.2918338 2.2919759 2.2921181 2.2922602 2.2924023 2.2925445 2.2926866 2.2928287 2.2929709 2.293113 2.2932551 2.2933973 2.2935394 2.2936816 2.2938237 2.2939658 2.294108 2.2942501 2.2943922 2.3070842 2.3208902 2.3346963 2.3485024 2.3623085 2.3761146 2.3899207 2.4037268 2.4175329 2.431339 2.4451451 2.4589512 2.4727573 2.4865633 2.5003694 2.5141755 2.5279816 2.5417877
-9999 -9999 -9999 -9999 -9999 -9999 -9999 -9999 -9999 -9999 -9999 -9999 -9999 -9999 -9999 -9999 -9999 -9999 -9999 -9999 2.8873338 2.8277612 2.7681885 2.7086159 2.6490433 2.5894707 2.5298981 2.4703255 2.4107529 2.3511803 2.2916077 2.2744268 2.2745689 2.2747111 2.2748532 2.2749954 2.2751375 2.2752796 2.2754218 2.2755639 2.275706 2.2758482 2.2759903 2.2761325 2.2762746 2.2764167 2.2765589 2.276701 2.2768431 2.2769853 2.2771274 2.2772695 2.2774117 2.29042 2.3042261 2.3180322 2.3318383 2.3456444 2.3594505 2.3732565 2.3870626 2.4008687 2.4146748 2.4284809 2.442287 2.4560931 2.4698992 2.4837053 2.4975114 2.5113175 2.5251236
-9999 -9999 -9999 -9999 -9999 -9999 -9999 -9999 -9999 -9999 -9999 -9999 -9999 -9999 -9999 -9999 -9999 -9999 -9999 -9999 -9999 2.8476319 2.7880593 2.7284867 2.6689141 2.6093415 2.5497689 2.4901963 2.4306237 2.3710511 2.3114785 2.2574463 2.2575884 2.2577305 2.2578727 2.2580148 2.2581569 2.2582991 2.2584412 2.2585834 2.2587255 2.2588676 2.2590098 2.2591519 2.259294 2.2594362 2.2595783 2.2597204 2.2598626 2.2600047 2.2601469 2.260289 2.2604311 2.2737558 2.2875619 2.301368 2.3151741 2.3289802 2.3427863 2.3565924 2.3703985 2.3842046 2.3980107 2.4118168 2.4256229 2.4394289 2.453235 2.4670411 2.4808472 2.4946533 2.5084594
-9999 -9999 -9999 -9999 -9999 -9999 -9999 -9999 -9999 -9999 -9999 -9999 -9999 -9999 -9999 -9999 -9999 -9999 -9999 -9999 -9999 2.8675026 2.80793 2.7483574 2.6887848 2.6292122 2.5696396 2.510067 2.4504944 2.3909218 2.3313492 2.2717766 2.2406078 2.24075 2.2408921 2.2410342 2.2411764 2.2413185 2.2414607 2.2416028 2.2417449 2.2418871 2.2420292 2.2421713 2.2423135 2.2424556 2.2425978 2.2427399 2.242882 2.2430242 2.2431663 2.2433084 2.2434506 2.2570917 2.2708978 2.2847039 2.29851 2.312316 2.3261221 2.3399282 2.3537343 2.3675404 2.3813465 2.3951526 2.4089587 2.4227648 2.4365709 2.450377 2.4641831 2.4779892 2.4917952
-9999 -9999 -9999 -9999 -9999 -9999 -9999 -9999 -9999 -9999 -9999 -9999 -9999 -9999 -9999 -9999 -9999 -9999 -9999 -9999 -9999 2.8873734 2.8278008 2.7682282 2.7086556 2.649083 2.5895104 2.5299378 2.4703652 2.4107926 2.35122 2.2916473 2.2320747 2.2237694 2.2239116 2.2240537 2.2241958 2.224338 2.2244801 2.2246222 2.2247644 2.2249065 2.2250487 2.2251908 2.2253329 2.2254751 2.2256172 2.2257593 2.2259015 2.2260436 2.2261857 2.2263279 2.2266214 2.2404275 2.2542336 2.2680397 2.2818458 2.2956519 2.309458 2.3232641 2.3370702 2.3508763 2.3646824 2.3784884 2.3922945 2.4061006 2.4199067 2.4337128 2.4475189 2.461325 2.4751311
-9999 -9999 -9999 -9999 -9999 -9999 -9999 -9999 -9999 -9999 -9999 -9999 -9999 -9999 -9999 -9999 -9999 -9999 -9999 -9999 -9999 -9999 2.8476715 2.7880989 2.7285263 2.6689537 2.6093811 2.5498085 2.4902359 2.4306633 2.3710907 2.3115181 2.2519455 2.2067889 2.206931 2.2070731 2.2072153 2.2073574 2.2074995 2.2076417 2.2077838 2.207926 2.2080681 2.2082102 2.2083524 2.2084945 2.2086366 2.2087788 2.2089209 2.2090631 2.2092052 2.2093473 2.2099573 2.2237634 2.2375695 2.2513755 2.2651816 2.2789877 2.2927938 2.3065999 2.320406 2.3342121 2.3480182 2.3618243 2.3756304 2.3894365 2.4032426 2.4170487 2.4308547 2.4446608 2.4584669
-9999 -9999 -9999 -9999 -9999 -9999 -9999 -9999 -9999 -9999 -9999 -9999 -9999 -9999 -9999 -9999 -9999 -9999 -9999 -9999 -9999 -9999 2.8675423 2.8079697 2.7483971 2.6888245 2.6292519 2.5696793 2.5101066 2.450534 2.3909614 2.3313888 2.2718162 2.2122436 2.1899504 2.1900926 2.1902347 2.1903769 2.190519 2.1906611 2.1908033 2.1909454 2.1910875 2.1912297 2.1913718 2.191514 2.1916561 2.1917982 2.1919404 2.1920825 2.1922246 2.1923668 2.1932931 2.2070992 2.2209053 2.2347114 2.2485175 2.2623236 2.2761297 2.2899358 2.3037419 2.3175479 2.331354 2.3451601 2.3589662 2.3727723 2.3865784 2.4003845 2.4141906 2.4279967 2.4418028
-9999 -9999 -9999 -9999 -9999 -9999 -9999 -9999 -9999 -9999 -9999 -9999 -9999 -9999 -9999 -9999 -9999 -9999 -9999 -9999 -9999 -9999 2.887413 2.8278404 2.7682678 2.7086952 2.6491226 2.58955 2.5299774 2.4704048 2.4108322 2.3512596 2.291687 2.2321144 2.1729699 2.173112 2.1732542 2.1733963 2.1735384 2.1736806 2.1738227 2.1739648 2.174107 2.1742491 2.1743913 2.1745334 2.1746755 2.1748177 2.1749598 2.1751019 2.1752441 2.1753862 2.176629 2.190435 2.2042411 2.2180472 2.2318533 2.2456594 2.2594655 2.2732716 2.2870777 2.3008838 2.3146899 2.328496 2.3423021 2.3561082 2.3699142 2.3837203 2.3975264 2.4113325 2.4251386
-9999 -9999 -9999 -9999 -9999 -9999 -9999 -9999 -9999 -9999 -9999 -9999 -9999 -9999 -9999 -9999 -9999 -9999 -9999 -9999 -9999 -9999 -9999 2.8477112 2.7881386 2.7285659 2.6689933 2.6094207 2.5498481 2.4902755 2.4307029 2.3711303 2.3115577 2.2519851 2.1924125 2.1561315 2.1562736 2.1564157 2.1565579 2.1567 2.1568422 2.1569843 2.1571264 2.1572686 2.1574107 2.1575528 2.157695 2.1578371 2.1579793 2.1581214 2.1582635 2.1584057 2.1599648 2.1737709 2.187577 2.2013831 2.2151892 2.2289953 2.2428014 2.2566074 2.2704135 2.2842196 2.2980257 2.3118318 2.3256379 2.339444 2.3532501 2.3670562 2.3808623 2.3946684 2.4084745
-9999 -9999 -9999 -9999 -9999 -9999 -9999 -9999 -9999 -9999 -9999 -9999 -9999 -9999 -9999 -9999 -9999 -9999 -9999 -9999 -9999 -9999 -9999 2.8675819 2.8080093 2.7484367 2.6888641 2.6292915 2.5697189 2.5101463 2.4505737 2.3910011 2.3314285 2.2718559 2.2122833 2.1527107 2.1392931 2.1394352 2.1395773 2.1397195 2.1398616 2.1400037 2.1401459 2.140288 2.1404301 2.1405723 2.1407144 2.1408566 2.1409987 2.1411408 2.141283 2.1414251 2.1433006 2.1571067 2.1709128 2.1847189 2.198525 2.2123311 2.2261372 2.2399433 2.2537494 2.2675555 2.2813616 2.2951677 2.3089737 2.3227798 2.3365859 2.350392 2.3641981 2.3780042 2.3918103
-9999 -9999 -9999 -9999 -9999 -9999 -9999 -9999 -9999 -9999 -9999 -9999 -9999 -9999 -9999 -9999 -9999 -9999 -9999 -9999 -9999 -9999 -9999 2.8874526 2.82788 2.7683074 2.7087348 2.6491622 2.5895896 2.530017 2.4704444 2.4108718 2.3512992 2.2917266 2.232154 2.1725814 2.1223125 2.1224546 2.1225968 2.1227389 2.122881 2.1230232 2.1231653 2.1233075 2.1234496 2.1235917 2.1237339 2.123876 2.1240181 2.1241603 2.1243024 2.1244446 2.1266365 2.1404426 2.1542487 2.1680548 2.1818609 2.1956669 2.209473 2.2232791 2.2370852 2.2508913 2.2646974 2.2785035 2.2923096 2.3061157 2.3199218 2.3337279 2.347534 2.36134 2.3751461
-9999 -9999 -9999 -9999 -9999 -9999 -9999 -9999 -9999 -9999 -9999 -9999 -9999 -9999 -9999 -9999 -9999 -9999 -9999 -9999 -9999 -9999 -9999 -9999 2.8477508 2.7881782 2.7286056 2.669033 2.6094604 2.5498878 2.4903152 2.4307426 2.37117 2.3115974 2.2520247 2.1924521 2.1328795 2.1054741 2.1056162 2.1057584 2.1059005 2.1060426 2.1061848 2.1063269 2.106469 2.1066112 2.1067533 2.1068954 2.1070376 2.1071797 2.1073219 2.107464 2.1099723 2.1237784 2.1375845 2.1513906 2.1651967 2.1790028 2.1928089 2.206615 2.2204211 2.2342272 2.2480332 2.2618393 2.2756454 2.2894515 2.3032576 2.3170637 2.3308698 2.3446759 2.358482
-9999 -9999 -9999 -9999 -9999 -9999 -9999 -9999 -9999 -9999 -9999 -9999 -9999 -9999 -9999 -9999 -9999 -9999 -9999 -9999 -9999 -9999 -9999 -9999 2.8676215 2.8080489 2.7484763 2.6889037 2.6293311 2.5697585 2.5101859 2.4506133 2.3910407 2.3314681 2.2718955 2.2123229 2.1527503 2.0931777 2.0886357 2.0887778 2.0889199 2.0890621 2.0892042 2.0893463 2.0894885 2.0896306 2.0897728 2.0899149 2.090057 2.0901992 2.0903413 2.0904834 2.0933082 2.1071143 2.1209204 2.1347264 2.1485325 2.1623386 2.1761447 2.1899508 2.2037569 2.217563 2.2313691 2.2451752 2.2589813 2.2727874 2.2865935 2.3003995 2.3142056 2.3280117 2.3418178
-9999 -9999 -9999 -9999 -9999 -9999 -9999 -9999 -9999 -9999 -9999 -9999 -9999 -9999 -9999 -9999 -9999 -9999 -9999 -9999 -9999 -9999 -9999 -9999 2.8874923 2.8279197 2.7683471 2.7087745 2.6492019 2.5896293 2.5300567 2.470484 2.4109114 2.3513388 2.2917662 2.2321936 2.172621 2.1130484 2.0716551 2.0717972 2.0719394 2.0720815 2.0722237 2.0723658 2.0725079 2.0726501 2.0727922 2.0729343 2.0730765 2.0732186 2.0733607 2.0735029 2.076644 2.0904501 2.1042562 2.1180623 2.1318684 2.1456745 2.1594806 2.1732867 2.1870927 2.2008988 2.2147049 2.228511 2.2423171 2.2561232 2.2699293 2.2837354 2.2975415 2.3113476 2.3251537
-9999 -9999 -9999 -9999 -9999 -9999 -9999 -9999 -9999 -9999 -9999 -9999 -9999 -9999 -9999 -9999 -9999 -9999 -9999 -9999 -9999 -9999 -9999 -9999 -9999 2.8477904 2.7882178 2.7286452 2.6690726 2.6095 2.5499274 2.4903548 2.4307822 2.3712096 2.311637 2.2520644 2.1924918 2.1329192 2.0733466 2.0548167 2.0549588 2.055101 2.0552431 2.0553852 2.0555274 2.0556695 2.0558116 2.0559538 2.0560959 2.0562381 2.0563802 2.0565223 2.0599799 2.0737859 2.087592 2.1013981 2.1152042 2.1290103 2.1428164 2.1566225 2.1704286 2.1842347 2.1980408 2.2118469 2.225653 2.239459 2.2532651 2.2670712 2.2808773 2.2946834 2.3084895
-9999 -9999 -9999 -9999 -9999 -9999 -9999 -9999 -9999 -9999 -9999 -9999 -9999 -9999 -9999 -9999 -9999 -9999 -9999 -9999 -9999 -9999 -9999 -9999 -9999 2.8676612 2.8080886 2.748516 2.6889434 2.6293707 2.5697981 2.5102255 2.4506529 2.3910803 2.3315077 2.2719351 2.2123625 2.1527899 2.0932173 2.0378361 2.0379783 2.0381204 2.0382625 2.0384047 2.0385468 2.038689 2.0388311 2.0389732 2.0391154 2.0392575 2.0393996 2.0395418 2.0433157 2.0571218 2.0709279 2.084734 2.0985401 2.1123462 2.1261522 2.1399583 2.1537644 2.1675705 2.1813766 2.1951827 2.2089888 2.2227949 2.236601 2.2504071 2.2642132 2.2780193 2.2918253
-9999 -9999 -9999 -9999 -9999 -9999 -9999 -9999 -9999 -9999 -9999 -9999 -9999 -9999 -9999 -9999 -9999 -9999 -9999 -9999 -9999 -9999 -9999 -9999 -9999 2.8875319 2.8279593 2.7683867 2.7088141 2.6492415 2.5896689 2.5300963 2.4705237 2.4109511 2.3513785 2.2918059 2.2322333 2.1726607 2.1130881 2.0535155 2.0209977 2.0211399 2.021282 2.0214241 2.0215663 2.0217084 2.0218505 2.0219927 2.0221348 2.0222769 2.0224191 2.0225612 2.0266515 2.0404576 2.0542637 2.0680698 2.0818759 2.095682 2.1094881 2.1232942 2.1371003 2.1509064 2.1647125 2.1785185 2.1923246 2.2061307 2.2199368 2.2337429 2.247549 2.2613551 2.2751612
-9999 -9999 -9999 -9999 -9999 -9999 -9999 -9999 -9999 -9999 -9999 -9999 -9999 -9999 -9999 -9999 -9999 -9999 -9999 -9999 -9999 -9999 -9999 -9999 -9999 -9999 2.84783 2.7882574 2.7286848 2.6691122 2.6095396 2.549967 2.4903944 2.4308218 2.3712492 2.3116766 2.252104 2.1925314 2.1329588 2.0733862 2.0138136 2.0041593 2.0043014 2.0044436 2.0045857 2.0047278 2.00487 2.0050121 2.0051543 2.0052964 2.0054385 2.0055807 2.0099874 2.0237935 2.0375996 2.0514057 2.0652117 2.0790178 2.0928239 2.10663 2.1204361 2.1342422 2.1480483 2.1618544 2.1756605 2.1894666 2.2032727 2.2170788 2.2308848 2.2446909 2.258497
-9999 -9999 -9999 -9999 -9999 -9999 -9999 -9999 -9999 -9999 -9999 -9999 -9999 -9999 -9999 -9999 -9999 -9999 -9999 -9999 -9999 -9999 -9999 -9999 -9999 -9999 2.8677008 2.8081282 2.7485556 2.688983 2.6294104 2.5698378 2.5102652 2.4506926 2.39112 2.3315474 2.2719748 2.2124021 2.1528295 2.0932569 2.0336843 1.9871787 1.9873209 1.987463 1.9876052 1.9877473 1.9878894 1.9880316 1.9881737 1.9883158 1.988458 1.9886001 1.9933232 2.0071293 2.0209354 2.0347415 2.0485476 2.0623537 2.0761598 2.0899659 2.103772 2.117578 2.1313841 2.1451902 2.1589963 2.1728024 2.1866085 2.2004146 2.2142207 2.2280268 2.2418329
-9999 -9999 -9999 -9999 -9999 -9999 -9999 -9999 -9999 -9999 -9999 -9999 -9999 -9999 -9999 -9999 -9999 -9999 -9999 -9999 -9999 -9999 -9999 -9999 -9999 -9999 2.8875715 2.8279989 2.7684263 2.7088537 2.6492811 2.5897085 2.5301359 2.4705633 2.4109907 2.3514181 2.2918455 2.2322729 2.1727003 2.1131277 2.0535551 1.9939825 1.9703403 1.9704825 1.9706246 1.9707667 1.9709089 1.971051 1.9711931 1.9713353 1.9714774 1.9716196 1.9766591 1.9904652 2.0042712 2.0180773 2.0318834 2.0456895 2.0594956 2.0733017 2.0871078 2.1009139 2.11472 2.1285261 2.1423322 2.1561383 2.1699443 2.1837504 2.1975565 2.2113626 2.2251687
-9999 -9999 -9999 -9999 -9999 -9999 -9999 -9999 -9999 -9999 -9999 -9999 -9999 -9999 -9999 -9999 -9999 -9999 -9999 -9999 -9999 -9999 -9999 -9999 -9999 -9999 -9999 2.8478697 2.7882971 2.7287245 2.6691519 2.6095793 2.5500067 2.4904341 2.4308615 2.3712888 2.3117162 2.2521436 2.192571 2.1329984 2.0734258 2.0138532 1.9542806 1.9535019 1.953644 1.9537862 1.9539283 1.9540705 1.9542126 1.9543547 1.9544969 1.954639 1.9599949 1.973801 1.9876071 2.0014132 2.0152193 2.0290254 2.0428315 2.0566375 2.0704436 2.0842497 2.0980558 2.1118619 2.125668 2.1394741 2.1532802 2.1670863 2.1808924 2.1946985 2.2085046
-9999 -9999 -9999 -9999 -9999 -9999 -9999 -9999 -9999 -9999 -9999 -9999 -9999 -9999 -9999 -9999 -9999 -9999 -9999 -9999 -9999 -9999 -9999 -9999 -9999 -9999 -9999 2.8677404 2.8081678 2.7485952 2.6890226 2.62945 2.5698774 2.5103048 2.4507322 2.3911596 2.331587 2.2720144 2.2124418 2.1528692 2.0932966 2.033724 1.9741514 1.9365214 1.9366635 1.9368056 1.9369478 1.9370899 1.937232 1.9373742 1.9375163 1.9376584 1.9433307 1.9571368 1.9709429 1.984749 1.9985551 2.0123612 2.0261673 2.0399734 2.0537795 2.0675856 2.0813917 2.0951978 2.1090039 2.1228099 2.136616 2.1504221 2.1642282 2.1780343 2.1917136
-9999 -9999 -9999 -9999 -9999 -9999 -9999 -9999 -9999 -9999 -9999 -9999 -9999 -9999 -9999 -9999 -9999 -9999 -9999 -9999 -9999 -9999 -9999 -9999 -9999 -9999 -9999 2.8876112 2.8280386 2.768466 2.7088934 2.6493208 2.5897481 2.5301755 2.4706029 2.4110303 2.3514577 2.2918851 2.2323125 2.1727399 2.1131673 2.0535947 1.9940221 1.9344495 1.9196829 1.9198251 1.9199672 1.9201093 1.9202515 1.9203936 1.9205358 1.9206779 1.9266666 1.9404727 1.9542788 1.9680849 1.981891 1.995697 2.0095031 2.0233092 2.0371153 2.0509214 2.0647275 2.0785336 2.0923397 2.1061458 2.1199519 2.133758 2.1475641 2.1611293 2.1745711
