Year4/Sem_2/GeographicalInformationSystems/Assignment 2/Data/test.asc
NCOLS 300
NROWS 300
XLLCORNER 2176.22
YLLCORNER 25385.9
DX 122.19493
DY 119.35
NODATA_VALUE -9999
[rows 124 to 154 of 300, columns 142 to 212 of 300]
1.639455 1.6528969 1.6663387 1.6797806 1.6932224 1.7066642 1.7201061 1.7335479 1.7469898 1.7604316 1.7738735 1.7873153 1.8007572 1.814199 1.8276409 1.8410827 1.8545246 1.8679664 1.8814083 1.8948501 1.908292 1.9217338 1.9351757 1.9486175 1.9620594 1.9755012 1.9889431 2.0023849 2.019553 2.0402304 2.0609078 2.0815852 2.1022626 2.12294 2.1436174 2.1642948 2.1849722 2.2056496 2.226327 2.2470044 2.2676818 2.2883592 2.3090366 2.329714 2.3503914 2.3710688 2.3917462 -9999 -9999 -9999 -9999 -9999 -9999 -9999 -9999 -9999 -9999 -9999 -9999 -9999 -9999 -9999 -9999 -9999 -9999 -9999 -9999 -9999 -9999 -9999 -9999
1.6223126 1.6357544 1.6491963 1.6626381 1.67608 1.6895218 1.7029637 1.7164055 1.7298474 1.7432892 1.7567311 1.7701729 1.7836147 1.7970566 1.8104984 1.8239403 1.8373821 1.850824 1.8642658 1.8777077 1.8911495 1.9045914 1.9180332 1.9314751 1.9449169 1.9583588 1.9718006 1.9852425 2.00215 2.0228274 2.0435048 2.0641822 2.0848596 2.105537 2.1262144 2.1468918 2.1675692 2.1882466 2.208924 2.2296014 2.2502788 2.2709562 2.2916336 2.312311 2.3329884 2.3536658 2.3743432 -9999 -9999 -9999 -9999 -9999 -9999 -9999 -9999 -9999 -9999 -9999 -9999 -9999 -9999 -9999 -9999 -9999 -9999 -9999 -9999 -9999 -9999 -9999 -9999
1.6051701 1.618612 1.6320538 1.6454957 1.6589375 1.6723794 1.6858212 1.6992631 1.7127049 1.7261468 1.7395886 1.7530305 1.7664723 1.7799142 1.793356 1.8067979 1.8202397 1.8336816 1.8471234 1.8605653 1.8740071 1.8874489 1.9008908 1.9143326 1.9277745 1.9412163 1.9546582 1.9681 1.9847471 2.0054245 2.0261019 2.0467793 2.0674567 2.0881341 2.1088115 2.1294889 2.1501663 2.1708437 2.1915211 2.2121985 2.2328759 2.2535533 2.2742307 2.2949081 2.3155855 2.3362629 2.3569403 2.3776177 -9999 -9999 -9999 -9999 -9999 -9999 -9999 -9999 -9999 -9999 -9999 -9999 -9999 -9999 -9999 -9999 -9999 -9999 -9999 -9999 -9999 -9999 -9999
1.5880277 1.6014695 1.6149114 1.6283532 1.6417951 1.6552369 1.6686788 1.6821206 1.6955625 1.7090043 1.7224462 1.735888 1.7493299 1.7627717 1.7762136 1.7896554 1.8030973 1.8165391 1.829981 1.8434228 1.8568647 1.8703065 1.8837484 1.8971902 1.9106321 1.9240739 1.9375158 1.9509576 1.9673442 1.9880216 2.008699 2.0293764 2.0500538 2.0707312 2.0914086 2.112086 2.1327634 2.1534408 2.1741182 2.1947956 2.215473 2.2361504 2.2568278 2.2775052 2.2981826 2.31886 2.3395374 2.3602148 -9999 -9999 -9999 -9999 -9999 -9999 -9999 -9999 -9999 -9999 -9999 -9999 -9999 -9999 -9999 -9999 -9999 -9999 -9999 -9999 -9999 -9999 -9999
1.5708853 1.5843271 1.597769 1.6112108 1.6246527 1.6380945 1.6515364 1.6649782 1.67842 1.6918619 1.7053037 1.7187456 1.7321874 1.7456293 1.7590711 1.772513 1.7859548 1.7993967 1.8128385 1.8262804 1.8397222 1.8531641 1.8666059 1.8800478 1.8934896 1.9069315 1.9203733 1.9338152 1.9499412 1.9706186 1.991296 2.0119734 2.0326508 2.0533282 2.0740056 2.094683 2.1153604 2.1360378 2.1567152 2.1773926 2.19807 2.2187474 2.2394248 2.2601022 2.2807796 2.301457 2.3221344 2.3428118 -9999 -9999 -9999 -9999 -9999 -9999 -9999 -9999 -9999 -9999 -9999 -9999 -9999 -9999 -9999 -9999 -9999 -9999 -9999 -9999 -9999 -9999 -9999
1.5537428 1.5671847 1.5806265 1.5940684 1.6075102 1.6209521 1.6343939 1.6478358 1.6612776 1.6747195 1.6881613 1.7016032 1.715045 1.7284869 1.7419287 1.7553705 1.7688124 1.7822542 1.7956961 1.8091379 1.8225798 1.8360216 1.8494635 1.8629053 1.8763472 1.889789 1.9032309 1.9166727 1.9325383 1.9532157 1.9738931 1.9945705 2.0152479 2.0359253 2.0566027 2.0772801 2.0979575 2.1186349 2.1393123 2.1599897 2.1806671 2.2013445 2.2220219 2.2426993 2.2633767 2.2840541 2.3047315 2.3254089 2.3460863 -9999 -9999 -9999 -9999 -9999 -9999 -9999 -9999 -9999 -9999 -9999 -9999 -9999 -9999 -9999 -9999 -9999 -9999 -9999 -9999 -9999 -9999
1.5393496 1.5500422 1.5634841 1.5769259 1.5903678 1.6038096 1.6172515 1.6306933 1.6441352 1.657577 1.6710189 1.6844607 1.6979026 1.7113444 1.7247863 1.7382281 1.75167 1.7651118 1.7785537 1.7919955 1.8054374 1.8188792 1.832321 1.8457629 1.8592047 1.8726466 1.8860884 1.8995303 1.9151354 1.9358128 1.9564902 1.9771676 1.997845 2.0185224 2.0391998 2.0598772 2.0805546 2.101232 2.1219094 2.1425868 2.1632642 2.1839416 2.204619 2.2252964 2.2459738 2.2666512 2.2873286 2.308006 2.3286834 -9999 -9999 -9999 -9999 -9999 -9999 -9999 -9999 -9999 -9999 -9999 -9999 -9999 -9999 -9999 -9999 -9999 -9999 -9999 -9999 -9999 -9999
1.5534522 1.5328998 1.5463417 1.5597835 1.5732253 1.5866672 1.600109 1.6135509 1.6269927 1.6404346 1.6538764 1.6673183 1.6807601 1.694202 1.7076438 1.7210857 1.7345275 1.7479694 1.7614112 1.7748531 1.7882949 1.8017368 1.8151786 1.8286205 1.8420623 1.8555042 1.868946 1.8823879 1.8977324 1.9184098 1.9390872 1.9597646 1.980442 2.0011194 2.0217968 2.0424742 2.0631516 2.083829 2.1045064 2.1251838 2.1458612 2.1665386 2.187216 2.2078934 2.2285708 2.2492482 2.2699256 2.290603 2.3112804 2.3319578 -9999 -9999 -9999 -9999 -9999 -9999 -9999 -9999 -9999 -9999 -9999 -9999 -9999 -9999 -9999 -9999 -9999 -9999 -9999 -9999 -9999
1.5675547 1.5415401 1.5291992 1.5426411 1.5560829 1.5695248 1.5829666 1.5964085 1.6098503 1.6232922 1.636734 1.6501758 1.6636177 1.6770595 1.6905014 1.7039432 1.7173851 1.7308269 1.7442688 1.7577106 1.7711525 1.7845943 1.7980362 1.811478 1.8249199 1.8383617 1.8518036 1.8652454 1.8803295 1.9010069 1.9216843 1.9423617 1.9630391 1.9837165 2.0043939 2.0250713 2.0457487 2.0664261 2.0871035 2.1077809 2.1284583 2.1491357 2.1698131 2.1904905 2.2111679 2.2318453 2.2525227 2.2732001 2.2938775 2.3145549 -9999 -9999 -9999 -9999 -9999 -9999 -9999 -9999 -9999 -9999 -9999 -9999 -9999 -9999 -9999 -9999 -9999 -9999 -9999 -9999 -9999
1.5816572 1.5556426 1.5296279 1.5254986 1.5389405 1.5523823 1.5658242 1.579266 1.5927079 1.6061497 1.6195916 1.6330334 1.6464753 1.6599171 1.673359 1.6868008 1.7002427 1.7136845 1.7271263 1.7405682 1.75401 1.7674519 1.7808937 1.7943356 1.8077774 1.8212193 1.8346611 1.848103 1.8629266 1.883604 1.9042814 1.9249588 1.9456362 1.9663136 1.986991 2.0076684 2.0283458 2.0490232 2.0697006 2.090378 2.1110554 2.1317328 2.1524102 2.1730876 2.193765 2.2144424 2.2351198 2.2557972 2.2764746 2.297152 -9999 -9999 -9999 -9999 -9999 -9999 -9999 -9999 -9999 -9999 -9999 -9999 -9999 -9999 -9999 -9999 -9999 -9999 -9999 -9999 -9999
1.5957598 1.5697451 1.5437305 1.5177158 1.521798 1.5352399 1.5486817 1.5621236 1.5755654 1.5890073 1.6024491 1.615891 1.6293328 1.6427747 1.6562165 1.6696584 1.6831002 1.6965421 1.7099839 1.7234258 1.7368676 1.7503095 1.7637513 1.7771932 1.790635 1.8040768 1.8175187 1.8309605 1.8455236 1.866201 1.8868784 1.9075558 1.9282332 1.9489106 1.969588 1.9902654 2.0109428 2.0316202 2.0522976 2.072975 2.0936524 2.1143298 2.1350072 2.1556846 2.176362 2.1970394 2.2177168 2.2383942 2.2590716 2.279749 2.3004264 -9999 -9999 -9999 -9999 -9999 -9999 -9999 -9999 -9999 -9999 -9999 -9999 -9999 -9999 -9999 -9999 -9999 -9999 -9999 -9999
1.6098623 1.5838477 1.557833 1.5318184 1.5058037 1.5180975 1.5315393 1.5449811 1.558423 1.5718648 1.5853067 1.5987485 1.6121904 1.6256322 1.6390741 1.6525159 1.6659578 1.6793996 1.6928415 1.7062833 1.7197252 1.733167 1.7466089 1.7600507 1.7734926 1.7869344 1.8003763 1.8138181 1.8281207 1.8487981 1.8694755 1.8901529 1.9108303 1.9315077 1.9521851 1.9728625 1.9935399 2.0142173 2.0348947 2.0555721 2.0762495 2.0969269 2.1176043 2.1382817 2.1589591 2.1796365 2.2003139 2.2209913 2.2416687 2.2623461 2.2830235 -9999 -9999 -9999 -9999 -9999 -9999 -9999 -9999 -9999 -9999 -9999 -9999 -9999 -9999 -9999 -9999 -9999 -9999 -9999 -9999
1.6239648 1.5979502 1.5719355 1.5459209 1.5199063 1.500955 1.5143969 1.5278387 1.5412806 1.5547224 1.5681643 1.5816061 1.595048 1.6084898 1.6219316 1.6353735 1.6488153 1.6622572 1.675699 1.6891409 1.7025827 1.7160246 1.7294664 1.7429083 1.7563501 1.769792 1.7832338 1.7966757 1.8107178 1.8313952 1.8520726 1.87275 1.8934274 1.9141048 1.9347822 1.9554596 1.976137 1.9968144 2.0174918 2.0381692 2.0588466 2.079524 2.1002014 2.1208788 2.1415562 2.1622336 2.182911 2.2035884 2.2242658 2.2449432 2.2656206 2.286298 -9999 -9999 -9999 -9999 -9999 -9999 -9999 -9999 -9999 -9999 -9999 -9999 -9999 -9999 -9999 -9999 -9999 -9999 -9999
1.6380674 1.6120527 1.5860381 1.5600234 1.5340088 1.5079942 1.4972544 1.5106963 1.5241381 1.53758 1.5510218 1.5644637 1.5779055 1.5913474 1.6047892 1.6182311 1.6316729 1.6451148 1.6585566 1.6719985 1.6854403 1.6988821 1.712324 1.7257658 1.7392077 1.7526495 1.7660914 1.7795332 1.7933148 1.8139922 1.8346696 1.855347 1.8760244 1.8967018 1.9173792 1.9380566 1.958734 1.9794114 2.0000888 2.0207662 2.0414436 2.062121 2.0827984 2.1034758 2.1241532 2.1448306 2.165508 2.1861854 2.2068628 2.2275402 2.2482176 2.268895 -9999 -9999 -9999 -9999 -9999 -9999 -9999 -9999 -9999 -9999 -9999 -9999 -9999 -9999 -9999 -9999 -9999 -9999 -9999
1.6521699 1.6261553 1.6001406 1.574126 1.5481113 1.5220967 1.496082 1.4935538 1.5069957 1.5204375 1.5338794 1.5473212 1.5607631 1.5742049 1.5876468 1.6010886 1.6145305 1.6279723 1.6414142 1.654856 1.6682979 1.6817397 1.6951816 1.7086234 1.7220653 1.7355071 1.748949 1.7623908 1.7759119 1.7965893 1.8172667 1.8379441 1.8586215 1.8792989 1.8999763 1.9206537 1.9413311 1.9620085 1.9826859 2.0033633 2.0240407 2.0447181 2.0653955 2.0860729 2.1067503 2.1274277 2.1481051 2.1687825 2.1894599 2.2101373 2.2308147 2.2514921 -9999 -9999 -9999 -9999 -9999 -9999 -9999 -9999 -9999 -9999 -9999 -9999 -9999 -9999 -9999 -9999 -9999 -9999 -9999
1.6662724 1.6402578 1.6142431 1.5882285 1.5622139 1.5361992 1.5101846 1.4841699 1.4898532 1.5032951 1.5167369 1.5301788 1.5436206 1.5570625 1.5705043 1.5839462 1.597388 1.6108299 1.6242717 1.6377136 1.6511554 1.6645973 1.6780391 1.691481 1.7049228 1.7183647 1.7318065 1.7452484 1.7586902 1.7791864 1.7998638 1.8205412 1.8412186 1.861896 1.8825734 1.9032508 1.9239282 1.9446056 1.965283 1.9859604 2.0066378 2.0273152 2.0479926 2.06867 2.0893474 2.1100248 2.1307022 2.1513796 2.172057 2.1927344 2.2134118 2.2340892 2.2547666 -9999 -9999 -9999 -9999 -9999 -9999 -9999 -9999 -9999 -9999 -9999 -9999 -9999 -9999 -9999 -9999 -9999 -9999
1.680375 1.6543603 1.6283457 1.602331 1.5763164 1.5503018 1.5242871 1.4982725 1.4727108 1.4861527 1.4995945 1.5130364 1.5264782 1.5399201 1.5533619 1.5668037 1.5802456 1.5936874 1.6071293 1.6205711 1.634013 1.6474548 1.6608967 1.6743385 1.6877804 1.7012222 1.7146641 1.7281059 1.7415478 1.7617834 1.7824608 1.8031382 1.8238156 1.844493 1.8651704 1.8858478 1.9065252 1.9272026 1.94788 1.9685574 1.9892348 2.0099122 2.0305896 2.051267 2.0719444 2.0926218 2.1132992 2.1339766 2.154654 2.1753314 2.1960088 2.2166862 2.2373636 -9999 -9999 -9999 -9999 -9999 -9999 -9999 -9999 -9999 -9999 -9999 -9999 -9999 -9999 -9999 -9999 -9999 -9999
1.6944775 1.6684629 1.6424482 1.6164336 1.5904189 1.5644043 1.5383897 1.512375 1.4863604 1.4690102 1.4824521 1.4958939 1.5093358 1.5227776 1.5362195 1.5496613 1.5631032 1.576545 1.5899869 1.6034287 1.6168706 1.6303124 1.6437542 1.6571961 1.6706379 1.6840798 1.6975216 1.7109635 1.7244053 1.7443805 1.7650579 1.7857353 1.8064127 1.8270901 1.8477675 1.8684449 1.8891223 1.9097997 1.9304771 1.9511545 1.9718319 1.9925093 2.0131867 2.0338641 2.0545415 2.0752189 2.0958963 2.1165737 2.1372511 2.1579285 2.1786059 2.1992833 2.2199607 2.2406381 -9999 -9999 -9999 -9999 -9999 -9999 -9999 -9999 -9999 -9999 -9999 -9999 -9999 -9999 -9999 -9999 -9999
1.70858 1.6825654 1.6565507 1.6305361 1.6045215 1.5785068 1.5524922 1.5264775 1.5004629 1.4744483 1.4653096 1.4787515 1.4921933 1.5056352 1.519077 1.5325189 1.5459607 1.5594026 1.5728444 1.5862863 1.5997281 1.61317 1.6266118 1.6400537 1.6534955 1.6669374 1.6803792 1.6938211 1.7072629 1.7269776 1.747655 1.7683324 1.7890098 1.8096872 1.8303646 1.851042 1.8717194 1.8923968 1.9130742 1.9337516 1.954429 1.9751064 1.9957838 2.0164612 2.0371386 2.057816 2.0784934 2.0991708 2.1198482 2.1405256 2.161203 2.1818804 2.2025578 2.2232352 -9999 -9999 -9999 -9999 -9999 -9999 -9999 -9999 -9999 -9999 -9999 -9999 -9999 -9999 -9999 -9999 -9999
1.7226826 1.6966679 1.6706533 1.6446386 1.618624 1.5926094 1.5665947 1.5405801 1.5145654 1.4885508 1.4625362 1.461609 1.4750509 1.4884927 1.5019346 1.5153764 1.5288183 1.5422601 1.555702 1.5691438 1.5825857 1.5960275 1.6094694 1.6229112 1.6363531 1.6497949 1.6632368 1.6766786 1.6901205 1.7095746 1.730252 1.7509294 1.7716068 1.7922842 1.8129616 1.833639 1.8543164 1.8749938 1.8956712 1.9163486 1.937026 1.9577034 1.9783808 1.9990582 2.0197356 2.040413 2.0610904 2.0817678 2.1024452 2.1231226 2.1438 2.1644774 2.1851548 2.2058322 -9999 -9999 -9999 -9999 -9999 -9999 -9999 -9999 -9999 -9999 -9999 -9999 -9999 -9999 -9999 -9999 -9999
1.7367851 1.7107705 1.6847558 1.6587412 1.6327265 1.6067119 1.5806973 1.5546826 1.528668 1.5026533 1.4766387 1.450624 1.4579085 1.4713503 1.4847922 1.498234 1.5116759 1.5251177 1.5385595 1.5520014 1.5654432 1.5788851 1.5923269 1.6057688 1.6192106 1.6326525 1.6460943 1.6595362 1.672978 1.6921717 1.7128491 1.7335265 1.7542039 1.7748813 1.7955587 1.8162361 1.8369135 1.8575909 1.8782683 1.8989457 1.9196231 1.9403005 1.9609779 1.9816553 2.0023327 2.0230101 2.0436875 2.0643649 2.0850423 2.1057197 2.1263971 2.1470745 2.1677519 2.1884293 2.2091067 -9999 -9999 -9999 -9999 -9999 -9999 -9999 -9999 -9999 -9999 -9999 -9999 -9999 -9999 -9999 -9999
1.7508876 1.724873 1.6988583 1.6728437 1.6468291 1.6208144 1.5947998 1.5687851 1.5427705 1.5167559 1.4907412 1.4647266 1.440766 1.4542079 1.4676497 1.4810916 1.4945334 1.5079753 1.5214171 1.534859 1.5483008 1.5617427 1.5751845 1.5886264 1.6020682 1.61551 1.6289519 1.6423937 1.6558356 1.6747688 1.6954462 1.7161236 1.736801 1.7574784 1.7781558 1.7988332 1.8195106 1.840188 1.8608654 1.8815428 1.9022202 1.9228976 1.943575 1.9642524 1.9849298 2.0056072 2.0262846 2.046962 2.0676394 2.0883168 2.1089942 2.1296716 2.150349 2.1710264 2.1917038 -9999 -9999 -9999 -9999 -9999 -9999 -9999 -9999 -9999 -9999 -9999 -9999 -9999 -9999 -9999 -9999
1.7649902 1.7389755 1.7129609 1.6869462 1.6609316 1.634917 1.6089023 1.5828877 1.556873 1.5308584 1.5048438 1.4788291 1.4528145 1.4370654 1.4505073 1.4639491 1.477391 1.4908328 1.5042747 1.5177165 1.5311584 1.5446002 1.5580421 1.5714839 1.5849258 1.5983676 1.6118095 1.6252513 1.6386932 1.6573658 1.6780432 1.6987206 1.719398 1.7400754 1.7607528 1.7814302 1.8021076 1.822785 1.8434624 1.8641398 1.8848172 1.9054946 1.926172 1.9468494 1.9675268 1.9882042 2.0088816 2.029559 2.0502364 2.0709138 2.0915912 2.1122686 2.132946 2.1536234 2.1743008 -9999 -9999 -9999 -9999 -9999 -9999 -9999 -9999 -9999 -9999 -9999 -9999 -9999 -9999 -9999 -9999
1.7790927 1.7530781 1.7270634 1.7010488 1.6750341 1.6490195 1.6230049 1.5969902 1.5709756 1.5449609 1.5189463 1.4929316 1.466917 1.4409024 1.4333648 1.4468067 1.4602485 1.4736904 1.4871322 1.5005741 1.5140159 1.5274578 1.5408996 1.5543415 1.5677833 1.5812252 1.594667 1.6081089 1.6215507 1.6399629 1.6606403 1.6813177 1.7019951 1.7226725 1.7433499 1.7640273 1.7847047 1.8053821 1.8260595 1.8467369 1.8674143 1.8880917 1.9087691 1.9294465 1.9501239 1.9708013 1.9914787 2.0121561 2.0328335 2.0535109 2.0741883 2.0948657 2.1155431 2.1362205 2.1568979 2.1775753 -9999 -9999 -9999 -9999 -9999 -9999 -9999 -9999 -9999 -9999 -9999 -9999 -9999 -9999 -9999
1.7931952 1.7671806 1.7411659 1.7151513 1.6891367 1.663122 1.6371074 1.6110927 1.5850781 1.5590635 1.5330488 1.5070342 1.4810195 1.4550049 1.4289903 1.4296643 1.4431061 1.456548 1.4699898 1.4834317 1.4968735 1.5103153 1.5237572 1.537199 1.5506409 1.5640827 1.5775246 1.5909664 1.6044083 1.62256 1.6432374 1.6639148 1.6845922 1.7052696 1.725947 1.7466244 1.7673018 1.7879792 1.8086566 1.829334 1.8500114 1.8706888 1.8913662 1.9120436 1.932721 1.9533984 1.9740758 1.9947532 2.0154306 2.036108 2.0567854 2.0774628 2.0981402 2.1188176 2.139495 2.1601724 -9999 -9999 -9999 -9999 -9999 -9999 -9999 -9999 -9999 -9999 -9999 -9999 -9999 -9999 -9999
1.8072978 1.7812831 1.7552685 1.7292538 1.7032392 1.6772246 1.6512099 1.6251953 1.5991806 1.573166 1.5471514 1.5211367 1.4951221 1.4691074 1.4430928 1.4170782 1.4259637 1.4394055 1.4528474 1.4662892 1.4797311 1.4931729 1.5066148 1.5200566 1.5334985 1.5469403 1.5603822 1.573824 1.5872658 1.605157 1.6258344 1.6465118 1.6671892 1.6878666 1.708544 1.7292214 1.7498988 1.7705762 1.7912536 1.811931 1.8326084 1.8532858 1.8739632 1.8946406 1.915318 1.9359954 1.9566728 1.9773502 1.9980276 2.018705 2.0393824 2.0600598 2.0807372 2.1014146 2.122092 2.1427694 2.1634468 -9999 -9999 -9999 -9999 -9999 -9999 -9999 -9999 -9999 -9999 -9999 -9999 -9999 -9999
1.8214003 1.7953857 1.769371 1.7433564 1.7173417 1.6913271 1.6653125 1.6392978 1.6132832 1.5872685 1.5612539 1.5352392 1.5092246 1.48321 1.4571953 1.4311807 1.4088212 1.4222631 1.4357049 1.4491468 1.4625886 1.4760305 1.4894723 1.5029142 1.516356 1.5297979 1.5432397 1.5566816 1.5701234 1.5877541 1.6084315 1.6291089 1.6497863 1.6704637 1.6911411 1.7118185 1.7324959 1.7531733 1.7738507 1.7945281 1.8152055 1.8358829 1.8565603 1.8772377 1.8979151 1.9185925 1.9392699 1.9599473 1.9806247 2.0013021 2.0219795 2.0426569 2.0633343 2.0840117 2.1046891 2.1253665 2.1460439 -9999 -9999 -9999 -9999 -9999 -9999 -9999 -9999 -9999 -9999 -9999 -9999 -9999 -9999
1.8355028 1.8094882 1.7834735 1.7574589 1.7314443 1.7054296 1.679415 1.6534003 1.6273857 1.6013711 1.5753564 1.5493418 1.5233271 1.4973125 1.4712979 1.4452832 1.4192686 1.4051206 1.4185625 1.4320043 1.4454462 1.458888 1.4723299 1.4857717 1.4992136 1.5126554 1.5260973 1.5395391 1.552981 1.5703512 1.5910286 1.611706 1.6323834 1.6530608 1.6737382 1.6944156 1.715093 1.7357704 1.7564478 1.7771252 1.7978026 1.81848 1.8391574 1.8598348 1.8805122 1.9011896 1.921867 1.9425444 1.9632218 1.9838992 2.0045766 2.025254 2.0459314 2.0666088 2.0872862 2.1079636 2.128641 -9999 -9999 -9999 -9999 -9999 -9999 -9999 -9999 -9999 -9999 -9999 -9999 -9999 -9999
1.8496054 1.8235907 1.7975761 1.7715614 1.7455468 1.7195322 1.6935175 1.6675029 1.6414882 1.6154736 1.589459 1.5634443 1.5374297 1.511415 1.4854004 1.4593858 1.4333711 1.4073565 1.4014201 1.4148619 1.4283038 1.4417456 1.4551875 1.4686293 1.4820711 1.495513 1.5089548 1.5223967 1.5358385 1.5529482 1.5736256 1.594303 1.6149804 1.6356578 1.6563352 1.6770126 1.69769 1.7183674 1.7390448 1.7597222 1.7803996 1.801077 1.8217544 1.8424318 1.8631092 1.8837866 1.904464 1.9251414 1.9458188 1.9664962 1.9871736 2.007851 2.0285284 2.0492058 2.0698832 2.0905606 2.111238 2.1319154 -9999 -9999 -9999 -9999 -9999 -9999 -9999 -9999 -9999 -9999 -9999 -9999 -9999
1.8637079 1.8376933 1.8116786 1.785664 1.7596493 1.7336347 1.7076201 1.6816054 1.6555908 1.6295761 1.6035615 1.5775468 1.5515322 1.5255176 1.4995029 1.4734883 1.4474736 1.421459 1.3954444 1.3977195 1.4111613 1.4246032 1.438045 1.4514869 1.4649287 1.4783706 1.4918124 1.5052543 1.5186961 1.5355453 1.5562227 1.5769001 1.5975775 1.6182549 1.6389323 1.6596097 1.6802871 1.7009645 1.7216419 1.7423193 1.7629967 1.7836741 1.8043515 1.8250289 1.8457063 1.8663837 1.8870611 1.9077385 1.9284159 1.9490933 1.9697707 1.9904481 2.0111255 2.0318029 2.0524803 2.0731577 2.0938351 2.1145125 -9999 -9999 -9999 -9999 -9999 -9999 -9999 -9999 -9999 -9999 -9999 -9999 -9999
1.8778104 1.8517958 1.8257811 1.7997665 1.7737519 1.7477372 1.7217226 1.6957079 1.6696933 1.6436787 1.617664 1.5916494 1.5656347 1.5396201 1.5136055 1.4875908 1.4615762 1.4355615 1.4095469 1.3835323 1.3940189 1.4074607 1.4209026 1.4343444 1.4477863 1.4612281 1.47467 1.4881118 1.5015537 1.5181424 1.5388198 1.5594972 1.5801746 1.600852 1.6215294 1.6422068 1.6628842 1.6835616 1.704239 1.7249164 1.7455938 1.7662712 1.7869486 1.807626 1.8283034 1.8489808 1.8696582 1.8903356 1.911013 1.9316904 1.9523678 1.9730452 1.9937226 2.0144 2.0350774 2.0557548 2.0764322 2.0971096 2.117787 -9999 -9999 -9999 -9999 -9999 -9999 -9999 -9999 -9999 -9999 -9999 -9999
